static const unsigned char font_data[] = {
137,80,78,71,13,10,26,10,0,0,0,13,73,72,68,82,0,0,1,0,0,0,1,0,8,4,0,0,0,
246,123,96,237,0,0,32,0,73,68,65,84,120,156,236,189,117,156,95,197,245,
255,255,218,205,198,29,136,224,193,157,0,193,131,91,177,226,86,160,184,
21,43,214,18,44,4,74,128,226,222,226,82,32,139,5,11,86,8,78,144,224,129,
4,2,33,1,130,197,109,147,245,231,239,143,57,115,239,204,189,247,253,222,
165,159,18,248,254,30,157,243,199,238,123,238,185,115,109,228,204,145,215,
17,202,81,15,142,228,1,198,49,151,38,102,49,154,203,88,181,128,203,211,
59,188,94,230,168,184,153,242,229,119,136,37,237,255,191,37,103,253,211,
106,6,218,239,10,198,3,240,106,194,209,137,198,164,141,190,73,109,5,227,
146,218,223,7,119,225,106,111,15,106,118,166,6,128,215,232,25,212,94,96,
231,94,149,212,44,202,55,0,252,196,178,73,221,34,252,196,221,153,231,60,
9,184,36,170,233,196,149,124,75,3,63,113,53,109,163,35,215,2,71,6,191,171,
152,15,192,153,17,215,143,0,92,155,227,122,45,226,186,21,128,7,130,154,
39,115,239,120,62,163,249,99,116,86,37,115,1,56,47,251,185,22,231,70,187,
12,193,11,110,226,38,58,228,62,109,95,78,97,24,245,252,200,221,236,94,226,
243,175,21,180,82,84,154,233,142,232,100,191,46,176,179,186,218,237,193,
38,86,179,157,253,222,33,105,121,243,160,149,126,73,237,174,65,109,159,
164,182,27,205,0,28,155,212,28,76,3,0,195,51,207,181,44,77,0,124,67,5,174,
67,61,3,64,109,114,39,29,217,158,143,128,19,163,243,6,82,207,191,169,140,
234,134,3,115,249,9,128,99,130,250,3,129,155,35,206,117,237,142,183,12,
234,150,179,186,131,114,92,205,44,23,240,125,8,192,233,185,142,147,47,199,
6,60,107,88,221,78,241,231,58,140,89,192,88,206,100,99,186,35,218,177,34,
71,242,30,0,175,211,41,234,65,231,179,32,106,254,118,84,64,47,0,240,74,
210,43,95,167,58,162,235,140,175,22,128,33,246,235,216,164,213,141,173,
230,33,0,222,9,90,62,13,128,122,0,86,75,106,95,74,234,190,14,120,183,177,
214,214,181,223,127,182,14,113,83,230,147,9,217,7,247,87,62,207,126,29,
108,71,247,78,238,108,163,224,156,190,124,207,36,22,141,218,89,3,248,134,
238,180,225,11,224,180,164,126,45,106,120,155,246,17,239,49,0,52,70,111,
248,15,118,157,149,50,92,0,231,39,117,29,173,35,111,158,212,44,99,60,207,
217,27,30,206,87,86,51,57,104,253,80,171,235,149,86,85,112,61,48,133,63,
228,94,73,5,103,208,12,220,19,212,93,99,47,249,93,224,9,107,108,189,220,
153,187,1,240,13,29,217,161,36,143,163,31,162,7,123,63,243,154,251,218,
71,13,231,153,106,235,18,97,171,110,140,188,11,192,195,1,239,32,0,22,80,
133,16,23,89,219,231,22,222,201,158,118,244,74,196,182,54,31,92,156,28,
237,197,154,236,2,212,7,159,176,45,175,177,128,1,153,118,22,103,71,214,
166,35,123,81,199,76,150,178,218,30,124,201,20,150,206,240,222,6,192,7,
81,221,181,0,204,176,153,40,229,2,248,50,169,27,104,93,167,115,82,179,143,
241,164,11,91,37,15,90,93,199,164,238,122,251,126,74,47,120,51,48,150,101,
74,124,160,191,0,233,8,234,79,51,48,138,78,220,199,79,184,201,46,158,98,
220,139,113,235,246,33,136,115,0,168,167,93,137,246,63,5,224,60,132,216,
200,94,7,192,6,8,113,54,0,31,7,47,67,214,175,221,107,242,146,194,189,192,
104,222,6,224,175,1,175,187,191,81,136,74,147,73,26,56,162,196,157,84,89,
103,252,154,37,109,250,30,30,93,87,236,15,188,151,249,84,197,173,45,14,
64,19,155,217,239,10,158,164,145,109,114,124,31,3,112,83,84,231,158,226,
223,57,174,166,232,137,79,177,55,147,114,93,6,192,196,168,173,99,172,51,
165,53,111,2,240,72,218,1,78,3,190,102,9,251,213,149,83,25,201,135,92,69,
91,94,97,44,75,80,201,88,82,33,199,141,255,189,17,227,121,2,113,29,16,139,
53,66,156,10,192,251,84,32,30,7,224,195,18,47,93,188,6,248,49,121,7,48,
203,206,94,31,81,201,68,0,14,8,248,23,181,62,237,38,202,237,16,98,73,234,
129,35,109,57,217,42,224,254,214,58,75,123,30,6,160,134,93,74,222,137,184,
216,218,158,96,247,223,41,115,252,74,224,159,201,175,131,200,174,232,41,
109,192,36,154,129,106,251,125,62,240,151,28,151,23,103,15,9,234,58,80,
7,192,69,57,46,215,129,111,177,218,251,0,184,45,56,243,37,32,158,255,196,
45,0,220,25,212,76,3,224,120,223,1,214,162,142,166,100,189,221,53,16,35,
170,129,71,147,215,242,184,113,184,117,242,112,122,210,92,98,34,21,139,
50,19,128,173,17,226,123,0,238,42,249,210,221,50,114,14,162,7,53,192,53,
28,5,192,0,196,206,0,124,30,173,215,59,1,176,128,213,0,47,239,255,29,248,
209,38,197,38,186,38,188,125,237,89,142,51,137,100,106,180,126,231,105,
121,147,16,0,190,79,38,239,148,94,13,58,251,218,212,240,22,237,232,204,
159,121,128,7,56,209,228,253,118,244,53,153,224,72,224,19,132,216,153,102,
30,66,136,238,236,202,174,73,203,94,156,93,192,188,132,106,172,46,93,244,
28,87,35,189,153,7,204,52,225,213,205,177,233,220,91,201,28,0,206,14,238,
119,123,234,128,153,129,168,92,73,19,208,68,95,223,1,70,6,125,250,24,154,
153,206,225,116,99,109,155,12,157,252,123,50,240,180,241,220,11,192,76,
110,4,182,47,241,26,111,4,224,73,132,88,138,226,178,97,194,125,87,114,219,
39,3,205,172,204,17,128,91,221,31,183,238,22,182,126,62,0,163,76,86,222,
15,209,133,153,192,133,156,0,192,167,1,239,238,118,181,31,236,239,78,101,
63,191,16,207,39,159,100,195,220,177,54,204,3,214,70,248,21,125,41,122,
242,73,242,76,255,66,56,17,238,115,218,208,134,155,112,210,211,242,204,
96,44,93,16,237,108,148,250,125,197,233,37,222,14,192,226,201,117,29,215,
199,136,123,146,103,238,105,93,117,221,132,203,75,247,163,76,4,124,144,
209,52,3,147,2,30,63,127,190,140,92,7,216,4,104,180,93,238,206,52,241,3,
43,27,227,45,164,59,239,139,72,37,253,112,179,53,162,176,11,172,78,3,208,
96,242,249,158,20,149,249,193,238,248,42,0,6,225,164,129,231,16,135,1,176,
14,75,209,8,76,50,1,206,211,8,0,174,49,153,247,80,235,56,245,44,206,221,
64,60,221,93,148,185,238,227,5,247,27,211,37,198,121,103,193,177,181,128,
249,180,65,84,48,130,70,182,70,220,0,220,65,103,14,0,26,168,66,108,8,192,
52,166,1,51,88,145,142,124,200,28,86,65,84,112,31,179,128,218,68,30,170,
46,249,249,191,13,174,235,184,110,67,38,80,143,64,108,111,239,49,125,55,
135,21,182,51,34,152,15,133,88,5,176,141,172,112,107,238,83,8,177,8,83,
104,74,4,12,241,52,36,171,229,107,132,187,217,11,130,105,18,70,208,61,243,
154,220,34,241,143,232,133,206,207,108,1,135,6,252,110,187,117,166,77,116,
191,71,28,2,64,127,134,0,112,124,166,125,39,158,29,104,42,164,99,169,100,
2,112,63,94,229,19,242,255,59,185,207,159,236,239,214,101,63,255,182,182,
181,130,233,129,220,156,190,226,70,27,20,231,3,103,32,42,153,9,44,131,88,
1,168,181,165,234,120,38,208,200,84,134,177,34,226,95,192,158,8,113,49,
95,115,1,4,234,51,39,206,94,28,93,101,44,0,195,131,154,175,236,73,69,27,
190,7,26,232,109,194,241,168,128,235,166,18,93,41,110,125,83,160,201,205,
46,162,130,169,120,41,246,98,224,222,132,109,41,234,24,99,18,240,90,64,
29,189,130,70,214,227,86,147,72,33,59,170,118,182,218,231,237,83,59,93,
218,43,101,94,186,155,184,255,202,125,192,87,84,34,14,6,96,61,38,3,223,
103,246,205,253,172,253,149,108,125,63,197,246,231,155,36,42,159,245,19,
222,10,102,0,208,204,95,89,211,238,248,253,130,253,191,167,149,141,223,
149,195,75,242,165,43,122,91,182,50,21,206,80,224,177,2,222,19,241,2,244,
209,204,98,77,238,4,46,179,99,139,217,149,246,10,248,59,219,125,14,74,106,
60,151,155,200,175,4,224,84,30,5,224,154,224,76,183,5,246,251,137,10,150,
229,69,0,234,162,251,249,61,201,204,46,86,178,87,41,156,180,188,103,194,
54,28,47,153,182,229,13,224,198,204,99,245,6,238,180,190,218,28,168,65,
170,172,46,91,174,46,211,1,156,52,127,41,181,120,57,249,32,0,155,25,78,
207,112,239,11,184,109,77,47,0,206,226,13,96,52,98,91,0,106,131,197,101,
37,187,250,201,8,55,219,65,169,109,155,232,193,231,0,60,108,250,208,119,
74,240,45,207,12,62,165,75,80,83,201,57,192,180,72,75,231,104,32,245,60,
79,27,196,78,204,103,91,220,248,222,195,142,238,100,119,180,108,112,134,
23,11,211,13,163,227,242,147,189,211,119,124,192,119,0,28,152,112,181,55,
125,73,184,31,59,25,128,217,209,29,29,14,156,228,59,192,239,0,168,66,116,
5,96,91,99,26,12,76,161,45,162,138,97,192,100,22,201,60,216,46,192,182,
108,101,55,187,114,82,127,82,225,231,79,181,105,69,180,35,0,147,129,249,
118,29,215,37,38,1,211,2,53,135,163,203,1,39,41,44,2,96,147,252,31,17,103,
1,240,118,192,123,144,93,221,41,134,151,178,15,251,125,174,77,215,117,157,
248,247,25,93,146,149,57,171,224,17,162,19,31,49,155,85,130,154,117,121,
7,152,72,255,28,111,170,37,236,205,92,166,242,2,47,208,12,188,201,98,8,
47,206,78,141,206,113,187,251,102,186,37,53,142,235,141,228,119,42,116,
134,186,194,141,172,102,157,160,45,183,5,28,29,181,191,9,23,121,69,185,
216,3,128,246,136,182,212,1,15,211,129,165,185,29,128,241,116,96,3,70,1,
211,18,109,155,123,249,67,17,67,104,166,187,141,176,84,23,213,147,233,0,
28,157,92,238,4,187,173,213,203,116,128,13,147,199,241,130,230,254,73,77,
126,163,249,10,224,76,71,221,19,174,31,105,135,108,82,188,62,224,117,170,
162,111,146,223,94,192,187,176,224,46,220,206,101,1,107,227,166,73,128,
59,10,248,238,165,57,25,193,66,252,137,6,224,159,209,140,224,40,212,18,
166,106,100,128,233,198,241,20,0,207,102,218,7,24,23,212,56,174,116,178,
31,148,180,19,170,119,220,208,171,141,76,79,78,38,186,141,236,157,201,119,
0,55,221,184,109,141,147,160,221,250,243,47,0,91,81,63,12,122,217,157,201,
107,121,138,207,241,58,249,84,99,117,141,189,240,84,231,119,139,221,234,
131,25,33,240,210,224,70,86,76,30,200,111,87,246,181,223,179,114,2,166,
183,100,237,134,232,146,156,231,62,168,155,20,67,203,215,40,0,30,73,126,
119,55,37,200,252,220,14,223,119,212,163,237,211,121,190,158,25,190,147,
136,133,170,3,128,121,145,237,49,238,126,217,229,230,116,66,153,105,10,
16,42,124,210,143,22,218,27,29,87,58,217,47,157,8,225,207,5,92,110,131,
24,46,91,139,24,215,201,65,221,216,228,11,10,137,110,212,1,127,71,136,206,
220,194,76,230,49,146,29,16,39,243,61,117,140,230,88,218,4,167,59,169,188,
134,61,153,194,51,12,162,30,104,78,148,157,171,216,42,116,66,112,198,219,
20,151,112,108,121,205,94,58,201,249,241,18,238,21,28,173,105,71,250,34,
58,218,255,245,44,78,106,86,78,205,215,85,102,178,10,13,173,167,26,215,
191,162,86,183,51,217,255,254,164,198,75,212,167,70,124,89,187,95,15,166,
1,243,153,204,100,38,155,88,232,41,111,247,19,110,64,92,110,255,123,113,
118,207,224,120,87,27,130,169,189,209,115,173,24,112,189,100,117,97,215,
249,12,72,247,94,194,109,241,1,246,13,222,180,235,58,71,248,14,224,118,
152,181,145,162,160,28,173,144,152,139,211,146,74,171,206,234,247,125,96,
100,173,76,180,90,217,18,142,140,74,187,173,212,20,229,116,7,53,182,82,
134,116,56,224,39,245,118,214,214,253,193,57,179,2,221,189,55,161,134,250,
247,118,166,90,110,14,246,10,94,246,31,31,236,152,55,181,115,63,15,218,
203,219,253,82,203,37,132,126,4,197,118,63,225,22,48,191,161,246,243,92,
104,30,218,194,234,82,37,148,227,154,30,181,114,132,113,237,150,212,116,
183,119,120,116,192,181,158,113,165,75,192,110,86,179,114,218,1,86,162,
6,152,106,26,245,144,138,77,55,191,75,116,106,238,245,236,83,200,245,63,
250,127,130,220,159,125,105,4,154,121,146,253,88,134,246,116,100,117,14,
231,33,190,42,113,90,7,118,230,37,26,57,46,146,55,243,84,201,7,148,223,
255,135,116,60,80,23,77,134,89,90,195,214,248,77,74,114,180,229,118,230,
51,158,243,233,69,7,62,206,172,173,41,221,73,53,135,35,78,163,58,26,181,
255,217,221,239,5,52,115,92,201,227,85,38,214,101,189,136,82,58,140,106,
238,66,172,75,53,213,209,254,34,166,141,105,34,244,7,200,211,86,188,202,
91,92,194,170,136,147,120,62,122,158,227,249,192,150,104,95,238,245,7,119,
226,235,130,73,186,169,192,15,200,211,51,140,105,197,171,217,28,168,43,
208,167,229,105,121,230,177,160,172,158,126,3,166,49,146,3,104,206,56,69,
133,116,33,205,102,202,170,99,26,115,88,178,144,203,137,156,71,226,244,
107,15,148,108,173,117,119,191,24,63,209,200,161,37,143,119,224,113,102,
178,27,227,104,98,173,18,60,175,226,228,159,115,129,166,96,251,151,109,
233,51,98,67,119,150,86,14,22,232,201,132,194,95,199,64,35,58,135,207,104,
0,190,231,232,244,212,118,236,207,189,124,194,76,106,152,198,39,60,204,
41,145,114,34,75,211,202,244,231,144,134,81,218,96,148,82,5,175,48,175,
172,138,118,43,230,240,79,170,112,198,231,221,10,121,218,49,147,83,16,219,
240,2,117,140,9,252,100,98,58,20,128,213,232,3,192,41,255,199,187,127,128,
6,246,43,121,180,11,47,242,37,171,34,214,165,46,49,167,197,212,150,249,
192,21,56,21,250,71,37,219,186,146,102,175,192,41,65,183,242,54,139,178,
25,195,152,195,52,6,7,71,238,11,6,246,21,116,160,30,216,44,116,8,249,165,
104,105,106,50,206,146,69,180,60,67,90,48,210,254,58,212,242,221,47,198,
249,173,232,224,255,13,234,200,121,236,253,31,158,187,21,97,57,128,141,
49,23,180,34,214,82,107,72,76,63,111,125,255,31,253,186,20,123,10,175,192,
73,152,31,81,150,177,244,26,146,167,150,86,200,85,184,156,247,153,67,3,
83,120,158,227,10,54,68,191,77,174,209,144,145,12,42,152,5,164,94,203,11,
147,199,107,72,254,156,112,56,167,175,23,75,188,245,189,140,191,49,48,18,
119,52,47,41,87,166,227,84,70,183,83,208,1,74,175,33,69,84,122,133,236,
200,13,129,173,208,149,79,88,254,255,1,46,111,80,57,35,168,91,197,56,119,
249,21,120,100,29,194,43,196,22,97,46,177,14,35,36,239,135,9,4,79,181,6,
97,121,14,167,107,60,174,168,3,252,60,42,181,66,246,72,180,127,19,121,146,
167,205,57,12,198,69,254,117,191,77,174,141,173,46,244,209,63,216,234,122,
253,10,60,50,183,124,175,202,113,154,216,97,37,190,200,137,193,135,222,
54,169,237,31,117,128,139,204,104,62,224,255,222,1,138,169,173,25,107,38,
38,97,28,93,18,199,228,211,127,243,92,206,124,218,20,25,118,174,181,243,
126,13,30,217,61,58,231,186,174,204,0,234,114,51,155,163,110,102,51,112,
37,213,8,118,96,94,80,191,7,91,147,152,140,60,75,107,195,142,82,42,90,107,
28,57,23,172,31,162,61,120,71,115,10,121,235,55,207,229,84,54,99,163,39,
26,149,121,15,11,147,199,219,47,157,137,251,175,64,24,46,22,211,197,246,
132,238,153,194,185,249,220,160,3,44,201,95,147,246,146,14,208,218,176,
35,79,197,107,141,16,203,23,4,113,8,239,197,50,255,55,206,229,253,108,67,
29,135,31,28,167,255,42,60,50,255,232,73,136,14,252,8,204,46,176,143,136,
212,215,225,68,70,2,169,51,186,163,19,249,148,90,224,123,92,156,213,13,
174,190,82,174,108,96,127,43,116,136,124,233,168,53,36,73,239,40,95,142,
213,74,201,255,203,69,71,254,162,182,146,70,235,241,204,25,19,172,205,246,
191,105,174,158,90,81,146,52,58,224,88,67,29,37,165,239,97,97,242,164,119,
216,71,210,81,234,35,233,239,154,166,162,114,145,58,74,250,90,183,232,27,
73,210,242,209,209,27,180,134,110,179,171,109,144,94,213,119,128,13,19,
198,63,38,255,173,167,42,73,77,122,63,119,169,110,26,28,252,10,47,212,78,
7,74,146,238,202,157,211,86,146,212,164,250,223,48,151,180,129,42,36,197,
31,101,3,227,120,47,249,189,240,120,36,233,75,73,82,7,45,170,191,72,250,
94,215,228,158,65,146,250,219,151,187,80,245,133,29,192,183,62,90,189,180,
172,74,116,128,102,73,43,104,96,116,51,99,85,147,107,104,144,122,73,250,
81,223,230,46,52,80,221,36,73,35,115,231,184,25,99,146,248,13,115,249,247,
208,160,143,2,14,247,30,62,213,124,251,189,48,121,36,233,59,213,73,146,
206,208,50,146,206,143,142,165,229,114,85,74,250,92,119,75,214,1,22,85,
215,136,163,173,250,75,122,87,27,72,154,167,207,92,165,235,0,157,180,186,
36,233,54,73,210,161,209,205,228,23,128,165,116,138,36,105,168,190,144,
20,47,1,235,72,146,230,107,124,238,44,247,184,163,126,211,92,254,215,39,
170,13,56,214,151,20,190,135,133,201,35,73,205,154,36,73,58,85,210,88,221,
153,123,2,73,250,157,182,151,36,157,175,38,249,14,144,157,3,214,82,123,
249,14,240,158,154,93,165,235,0,3,212,70,82,147,206,83,141,164,125,213,
65,146,239,0,163,149,45,229,214,154,197,37,73,83,108,60,133,245,3,36,73,
195,127,211,92,254,163,132,207,220,94,107,73,202,127,184,133,195,227,202,
4,59,42,13,82,147,242,165,82,151,73,146,62,210,131,146,74,117,128,13,36,
77,212,180,80,2,240,29,192,221,202,88,77,209,112,73,61,180,155,82,17,37,
123,51,229,215,154,70,73,82,143,220,45,158,170,74,73,95,107,196,111,154,
171,175,250,72,146,222,13,56,214,49,41,225,45,251,189,48,121,124,153,100,
127,95,211,147,185,39,144,164,67,181,182,36,169,191,154,133,240,211,123,
70,60,95,95,57,17,208,119,128,116,178,191,87,146,116,136,164,245,85,33,
105,129,198,100,46,86,126,173,153,44,73,234,161,254,209,57,171,235,100,
73,210,121,246,33,126,171,92,190,43,79,8,120,182,147,36,125,151,188,135,
133,201,227,203,36,251,251,87,21,149,142,250,91,97,125,209,12,48,90,203,
168,183,194,121,7,209,218,176,35,225,163,8,96,127,132,143,77,35,240,134,
95,213,106,254,29,168,135,150,182,253,238,19,191,121,46,239,66,153,6,86,
44,102,113,205,131,127,21,158,116,15,15,217,144,239,148,206,177,150,230,
5,228,236,29,161,247,129,195,18,217,138,189,129,105,105,189,187,176,43,
45,133,29,137,74,62,2,224,67,115,147,244,134,139,208,141,107,132,213,189,
206,94,172,197,150,12,101,54,0,31,68,238,221,191,77,174,174,230,67,60,139,
63,179,30,253,57,156,47,0,248,34,8,35,89,152,60,142,186,241,62,208,16,184,
230,135,212,219,2,194,239,139,106,93,68,117,24,89,176,9,46,104,254,82,224,
153,184,3,180,46,236,72,120,127,220,124,57,45,224,233,203,164,2,142,151,
51,113,69,191,85,174,115,11,120,190,98,133,95,141,231,52,30,52,253,254,
13,133,159,223,7,179,204,10,32,177,132,31,198,11,2,127,230,147,113,74,231,
145,68,65,49,162,181,97,71,162,35,147,11,110,57,127,115,189,121,32,50,185,
126,205,9,5,193,152,191,85,174,211,108,102,112,101,54,87,102,66,171,23,
46,143,7,120,26,71,143,194,207,191,178,69,51,100,163,167,143,183,243,82,
187,199,80,62,227,10,196,91,124,22,154,240,43,144,158,210,206,146,174,181,
221,189,52,72,151,216,127,51,181,72,32,68,156,163,139,36,41,82,12,117,84,
165,164,103,180,115,70,252,88,66,91,106,41,181,213,84,125,152,238,57,115,
229,183,201,213,73,91,106,85,117,210,108,141,211,155,37,212,46,11,135,167,
187,166,170,81,19,244,152,46,215,156,18,79,244,127,45,180,54,236,168,181,
107,205,255,232,183,71,177,215,86,151,96,30,188,186,82,253,212,75,82,184,
223,255,86,175,216,127,161,146,226,124,117,149,52,91,167,69,253,199,233,
169,251,153,86,187,184,236,39,212,164,195,75,30,239,172,23,132,208,133,
37,57,14,83,181,238,146,180,174,170,85,173,85,74,242,157,175,25,154,100,
218,180,184,172,166,43,244,190,102,171,94,63,232,9,237,93,178,133,74,125,
32,146,231,47,87,158,18,154,84,160,111,247,101,117,77,23,170,211,18,37,
142,119,81,181,170,181,179,164,75,84,173,179,10,56,134,10,213,171,131,54,
23,66,187,88,237,91,37,76,65,174,44,169,243,244,186,102,168,81,51,52,90,
23,107,9,73,43,232,221,232,221,14,72,12,0,210,251,173,13,59,106,253,90,
147,165,222,76,165,161,0,125,208,83,15,70,49,153,223,241,3,243,2,68,156,
152,90,231,53,127,8,163,233,197,61,57,28,131,206,220,156,115,3,27,81,210,
151,177,117,177,0,135,3,227,115,120,127,41,45,195,183,124,206,109,56,103,
239,34,114,216,167,91,211,142,90,124,108,102,76,47,226,172,246,127,5,154,
19,97,245,49,154,51,192,179,158,218,228,192,59,97,14,131,153,193,71,1,64,
148,56,3,128,79,168,166,154,229,203,63,230,127,131,30,166,62,66,191,136,
169,55,31,50,154,37,16,59,210,156,128,159,197,212,90,175,249,235,184,143,
69,121,39,19,141,219,135,49,246,50,198,51,156,103,18,177,171,100,192,116,
43,98,1,150,98,22,159,6,8,197,89,90,148,113,124,74,95,58,241,53,115,114,
209,197,142,206,7,26,233,98,49,253,123,20,112,220,74,53,71,35,78,164,58,
16,179,255,9,133,29,175,3,79,219,147,125,205,227,60,197,212,164,19,60,149,
217,88,62,0,36,17,212,190,114,53,30,98,6,53,60,29,0,61,136,69,249,142,81,
57,143,31,33,206,225,51,147,16,30,228,179,36,214,181,232,3,15,9,124,211,
126,89,90,151,137,204,202,196,253,119,52,205,197,55,137,27,216,34,230,137,
91,95,66,174,110,77,44,192,14,12,46,225,148,225,232,247,12,54,159,190,129,
12,41,0,141,248,191,208,16,40,192,46,171,224,17,0,166,38,145,3,237,44,80,
63,27,5,45,195,63,180,240,51,87,181,99,224,12,254,67,16,251,250,56,179,
162,201,195,83,7,166,227,66,174,215,6,98,167,198,223,22,93,111,11,92,232,
231,228,17,140,138,253,106,127,125,42,239,8,126,44,69,113,81,110,41,158,
22,108,219,43,236,217,35,189,95,210,250,76,175,33,16,98,69,230,2,83,120,
204,226,3,189,90,231,4,98,116,206,148,142,192,67,185,220,66,57,252,207,
210,126,131,11,135,103,21,67,215,140,161,158,250,242,46,239,242,110,164,
227,240,200,128,217,242,167,95,133,167,156,35,248,238,228,65,121,123,218,
25,41,48,134,11,71,125,195,90,14,103,43,167,204,79,0,61,132,11,18,120,143,
30,136,142,124,129,7,131,90,147,5,133,240,40,194,57,42,223,138,71,245,204,
66,196,122,42,237,55,184,176,120,156,150,108,124,25,76,48,71,21,137,131,
120,182,172,245,171,240,148,115,4,223,136,20,85,221,147,211,41,78,72,158,
179,35,79,210,196,209,9,68,102,191,28,111,18,53,93,37,105,23,73,151,106,
150,164,5,250,78,43,106,170,164,142,170,214,55,58,41,183,205,248,196,252,
4,165,163,116,148,253,119,155,110,211,226,250,49,199,27,251,13,126,85,184,
109,249,37,121,42,181,191,36,233,158,146,106,33,95,86,50,67,241,115,154,
21,213,55,232,147,95,133,103,130,214,147,204,92,220,85,39,75,170,215,57,
118,236,71,73,125,51,247,239,182,216,119,219,115,118,211,147,218,88,127,
208,131,58,192,142,207,14,120,221,38,249,237,228,55,149,128,67,233,21,187,
208,132,19,49,110,162,174,0,218,189,67,137,244,15,63,21,140,170,82,62,234,
11,143,199,163,99,108,218,194,248,79,131,49,178,104,68,191,22,79,57,71,
240,246,100,81,25,189,165,211,33,171,247,226,61,106,248,29,194,131,225,
76,137,184,157,141,39,177,28,84,169,89,19,181,156,254,166,237,132,182,82,
133,134,235,29,237,174,63,233,244,2,103,208,94,122,88,85,218,91,210,104,
125,165,94,218,198,122,242,184,28,103,234,55,216,160,165,85,228,160,248,
203,243,56,239,26,34,159,187,226,226,28,98,38,69,35,229,215,228,73,253,
128,59,232,52,73,115,2,139,127,157,102,154,127,147,47,110,76,163,143,37,
45,173,231,213,71,219,155,139,155,187,214,203,1,239,18,90,66,210,55,250,
41,169,33,70,185,121,147,110,44,201,52,158,205,96,228,167,180,15,208,200,
50,56,116,238,111,74,136,101,229,125,212,23,14,143,243,104,152,90,112,70,
150,28,122,254,163,191,25,158,173,1,88,128,247,4,56,59,58,58,54,0,189,19,
30,50,110,14,98,21,190,225,7,67,124,19,157,77,121,31,66,248,56,132,160,
7,211,26,247,231,56,38,80,207,120,206,161,3,149,188,196,143,25,227,98,72,
175,224,64,215,58,50,29,56,171,4,151,67,255,158,68,59,131,149,43,66,220,
252,165,121,46,42,236,0,235,115,27,183,113,67,208,193,219,154,254,172,28,
240,202,194,228,17,75,219,112,92,148,175,129,239,50,25,11,94,164,62,26,
158,206,33,164,129,245,153,194,196,0,73,236,76,0,190,142,244,134,127,3,
162,96,212,252,197,207,161,153,223,33,86,224,30,166,80,199,219,17,120,84,
186,239,63,26,88,144,201,147,227,169,191,169,94,143,192,231,225,154,246,
43,240,252,37,121,141,33,255,83,185,17,56,128,226,178,215,175,196,35,42,
45,156,219,201,2,71,101,158,248,126,226,141,221,81,214,198,124,62,13,84,
242,43,26,154,226,33,209,185,207,2,97,134,161,92,7,216,152,6,174,68,108,
99,211,7,64,131,97,119,60,67,81,105,44,192,17,114,104,52,159,209,6,151,
48,1,200,89,186,127,121,30,159,42,234,188,128,219,117,138,102,19,152,28,
29,87,226,163,244,249,149,120,132,71,252,171,5,62,141,80,26,133,115,246,
88,51,248,189,150,181,49,39,104,165,159,109,139,159,202,156,59,141,76,114,
170,170,72,156,232,166,251,245,177,206,210,82,26,174,174,154,171,151,181,
188,214,80,149,78,210,219,82,198,161,210,151,207,35,191,118,169,180,143,
250,71,11,153,231,21,77,208,10,146,134,168,167,30,209,28,173,168,35,205,
166,246,247,200,206,233,68,165,233,122,33,122,138,153,129,160,180,112,121,
36,105,130,86,81,41,71,240,31,37,45,30,108,26,199,104,156,86,147,212,85,
15,235,26,141,87,55,237,168,147,213,77,210,24,29,28,157,185,156,22,149,
244,73,228,119,16,245,143,251,153,199,202,56,184,215,73,44,133,207,155,
247,2,162,3,195,44,71,215,67,84,51,1,152,69,53,213,145,59,152,155,190,90,
246,27,92,88,60,155,71,200,24,190,92,157,17,112,157,7,84,236,231,144,165,
133,201,35,188,10,43,76,148,153,210,31,9,39,246,74,46,2,203,48,20,151,145,
57,120,239,253,0,98,147,91,120,248,80,188,210,244,3,82,201,243,14,82,184,
211,97,192,155,136,10,38,80,10,254,189,53,126,131,11,143,103,115,131,127,
247,101,180,237,144,83,242,238,17,69,49,208,191,6,143,35,47,191,108,92,
112,108,123,82,168,184,78,60,73,61,199,176,102,162,246,117,229,75,142,42,
208,127,58,160,239,72,166,72,151,128,149,116,131,170,45,240,168,189,164,
77,212,86,13,218,89,7,74,186,91,146,212,67,123,72,186,93,210,150,90,222,
254,203,150,214,248,168,47,76,158,215,180,154,6,234,112,237,160,235,245,
189,222,178,96,182,176,120,247,136,247,114,71,126,29,30,87,22,72,146,30,
201,133,136,72,210,39,186,32,209,209,44,208,87,218,94,175,72,26,168,85,
180,177,250,168,74,63,233,61,125,164,108,12,148,228,227,63,222,142,234,
172,39,180,229,93,38,38,218,41,55,1,77,53,151,68,143,164,121,60,48,143,
174,56,235,193,219,185,254,37,90,231,163,190,48,121,132,104,207,167,140,
229,233,220,216,15,199,90,115,89,205,220,194,228,17,45,57,130,255,167,228,
51,138,61,68,117,234,160,227,103,128,139,213,95,91,36,218,169,243,52,80,
253,181,152,22,83,189,134,38,227,236,112,73,15,106,174,186,106,111,21,143,
255,222,58,83,146,116,191,14,10,106,31,215,110,74,195,148,22,38,143,43,
221,181,171,118,210,141,234,174,231,10,238,217,141,138,6,221,156,169,159,
174,19,126,21,158,211,180,177,182,82,47,73,55,23,204,87,113,89,89,71,105,
59,173,168,14,154,169,15,245,144,238,86,67,116,188,151,190,80,119,93,165,
211,37,73,171,88,4,215,62,146,158,79,120,16,162,11,131,3,64,113,33,218,
178,15,103,115,84,176,175,92,132,97,84,179,30,98,35,170,25,86,232,152,213,
26,31,245,133,201,35,182,224,110,118,97,67,134,145,13,114,241,84,20,45,
0,30,147,103,225,243,180,228,8,238,169,3,215,230,44,51,31,230,50,191,158,
66,106,174,63,36,224,76,92,74,254,27,83,139,167,214,248,13,46,76,30,33,
118,230,25,166,209,200,36,46,41,68,13,236,85,226,147,132,58,206,133,201,
211,157,122,230,51,134,191,149,244,124,116,212,53,17,250,38,241,24,79,39,
137,174,198,100,188,25,171,24,75,115,57,239,165,108,197,214,220,204,167,
212,80,203,36,254,85,2,107,183,3,71,49,130,239,168,101,1,147,120,184,100,
234,248,255,209,47,69,109,204,169,100,106,178,225,237,100,10,113,114,219,
242,29,32,135,100,124,168,241,246,138,59,192,150,150,181,123,30,95,242,
189,197,6,220,157,211,243,109,108,233,22,194,242,80,110,203,81,193,14,220,
198,88,230,150,237,74,173,197,246,92,141,43,120,159,217,212,243,3,79,148,
192,203,93,150,33,140,98,6,141,204,230,93,134,102,252,148,91,131,218,41,
196,203,64,8,31,253,22,80,202,47,74,136,205,0,88,144,241,211,93,148,203,
248,130,6,38,114,32,61,51,28,173,69,254,236,192,95,249,136,5,204,102,4,
107,100,142,57,241,119,86,148,133,201,231,106,123,191,228,189,166,228,242,
144,143,67,105,7,168,228,114,154,169,225,74,214,177,245,179,15,103,50,15,
24,17,125,220,13,205,242,54,131,103,121,136,55,147,85,40,246,196,221,198,
20,52,53,124,85,166,43,181,14,219,179,53,78,221,237,249,123,6,7,31,230,
6,82,77,235,16,57,69,7,83,28,249,44,8,93,108,161,41,237,255,235,18,186,
190,25,213,245,55,155,59,64,147,249,243,132,28,173,65,254,92,204,6,163,
43,211,163,73,124,73,51,40,101,1,234,207,182,43,166,246,217,62,118,254,
31,51,156,78,55,114,75,218,1,42,25,6,188,202,50,172,203,131,76,163,158,
207,57,25,177,54,51,8,243,133,182,177,116,70,119,38,31,96,109,131,32,76,
161,206,42,185,130,102,22,112,3,235,91,215,41,238,74,173,195,246,76,157,
186,63,143,156,186,111,15,120,186,89,238,113,24,207,163,60,97,185,194,161,
49,121,169,173,67,228,244,102,216,25,201,125,58,255,185,207,74,126,126,
15,226,24,226,246,249,164,243,115,121,146,113,96,67,228,186,128,163,53,
200,159,207,1,240,21,79,154,142,47,156,245,156,58,231,227,156,193,222,231,
89,235,157,212,248,204,103,165,19,80,88,7,248,59,240,32,109,57,148,6,160,
217,198,236,41,184,176,145,207,19,118,23,204,80,27,141,191,103,211,222,
132,168,228,126,224,85,198,90,18,165,201,124,203,59,236,144,235,74,173,
67,237,244,78,221,147,18,139,164,119,234,110,72,188,237,219,218,180,253,
69,242,121,43,56,193,158,192,103,65,109,29,34,167,183,38,166,185,63,29,
240,98,169,228,240,66,230,70,27,102,68,116,193,114,159,178,4,233,90,29,
143,193,150,145,63,29,182,239,116,58,227,253,154,183,74,142,85,90,194,158,
60,140,247,1,118,173,116,247,112,33,16,231,80,114,116,61,183,121,87,126,
33,54,165,153,87,105,203,166,52,82,203,17,116,160,19,15,226,87,147,175,
33,73,176,230,210,50,206,143,54,40,43,177,62,235,179,132,253,186,4,120,
128,206,25,29,252,15,185,174,212,58,212,78,247,240,83,163,196,21,89,167,
238,161,0,76,8,250,189,112,74,107,248,192,126,181,14,145,211,231,35,60,
37,195,19,71,53,245,230,10,190,162,158,175,56,149,197,237,94,210,88,10,
231,134,86,159,228,45,243,105,182,87,13,90,104,25,249,211,229,114,252,145,
42,218,240,46,240,67,144,189,201,59,186,101,229,2,111,255,159,21,212,184,
193,249,66,134,207,153,244,71,166,29,224,13,106,233,135,248,136,212,195,
119,11,62,180,145,240,32,169,87,221,133,118,241,73,92,192,54,5,27,149,77,
105,226,77,218,178,30,222,76,220,198,110,171,61,97,87,106,29,106,167,119,
234,62,40,226,241,78,221,43,70,45,109,145,105,105,67,206,229,220,68,235,
221,58,68,206,142,25,9,160,147,181,29,6,172,109,110,217,4,93,121,12,8,124,
236,241,218,137,244,74,235,0,48,59,26,131,45,35,127,174,108,237,95,104,
176,22,97,23,244,97,123,121,79,44,119,55,97,10,74,151,194,51,78,28,221,
211,54,144,135,250,14,48,0,231,226,61,16,248,49,103,123,118,18,163,207,
229,225,215,20,87,154,25,199,157,236,30,60,220,27,52,176,42,226,24,210,
136,225,125,129,239,136,187,210,63,128,34,239,30,191,139,111,31,188,204,
113,37,157,211,82,158,145,101,56,68,79,91,16,78,12,234,60,126,118,184,59,
113,254,3,169,4,224,0,112,198,7,28,171,155,147,197,92,158,228,211,228,61,
132,73,53,38,2,97,160,151,203,212,17,75,248,229,29,190,28,61,146,180,62,
47,3,210,113,182,213,134,117,125,16,93,173,75,167,209,5,43,88,11,97,216,
217,118,166,140,122,209,191,213,74,253,94,14,36,109,107,73,207,23,128,144,
245,85,10,82,52,34,82,0,87,104,85,29,166,199,52,82,157,36,73,253,181,169,
30,209,103,166,242,116,64,71,75,232,88,73,215,73,146,230,73,63,3,181,211,
59,117,255,75,69,102,13,207,255,7,73,210,125,37,57,164,214,35,114,110,37,
73,122,53,113,34,119,191,95,14,56,110,81,23,73,99,180,146,126,175,181,19,
155,126,26,87,221,83,253,36,41,112,146,221,40,119,229,214,32,127,182,75,
90,248,78,253,117,127,116,204,193,89,117,180,119,37,73,23,104,140,150,209,
177,234,40,169,70,213,73,189,71,127,77,175,126,161,254,173,101,37,189,162,
61,147,183,202,99,192,50,56,100,240,212,119,166,61,29,168,64,180,101,70,
176,114,11,177,49,215,51,38,179,49,187,40,233,155,110,235,245,65,112,172,
145,75,172,183,61,131,243,124,217,218,142,228,101,211,27,0,248,18,145,174,
117,69,6,81,79,62,181,99,42,66,93,25,221,151,243,155,255,140,100,159,0,
0,32,0,73,68,65,84,113,161,16,245,209,54,244,102,32,27,104,250,42,144,230,
29,110,99,11,71,58,254,156,244,81,155,128,184,236,99,87,73,23,178,213,173,
198,7,162,85,217,134,43,214,92,148,119,248,18,3,3,19,118,51,27,225,51,160,
187,172,234,127,176,35,62,193,214,185,246,36,110,127,20,166,227,189,26,
240,179,175,240,73,126,225,242,112,249,112,130,207,18,56,11,159,183,240,
175,68,19,181,244,192,37,63,205,39,111,22,93,216,130,193,124,105,77,190,
142,112,130,215,106,136,14,52,0,51,153,198,28,160,217,82,175,182,103,150,
125,90,231,173,94,83,48,181,59,135,147,123,16,94,91,213,156,113,136,140,
201,45,25,11,130,154,183,130,207,63,199,38,243,39,128,172,130,196,109,197,
110,13,106,58,218,134,235,19,170,16,21,92,97,173,244,75,56,220,180,156,
238,9,124,71,94,34,169,241,107,183,247,240,187,200,126,103,53,244,229,28,
190,14,162,30,104,226,159,182,195,24,133,23,239,92,119,238,107,146,209,
27,38,24,174,144,168,129,225,171,200,97,238,117,32,245,126,92,198,180,7,
127,137,175,231,208,179,6,226,36,252,233,108,74,21,235,241,145,117,134,
110,76,98,102,137,240,102,247,81,221,46,221,173,113,207,2,43,224,118,221,
205,182,83,184,3,47,105,31,130,15,105,114,154,175,137,185,214,22,183,121,
197,173,89,173,113,234,118,66,233,143,201,239,10,238,161,154,106,147,230,
95,178,218,31,51,31,46,85,12,133,97,38,219,38,175,241,93,110,54,160,124,
72,71,168,15,233,218,57,57,195,249,215,76,14,218,104,107,50,194,4,182,101,
19,211,183,21,133,205,60,149,180,158,77,57,221,159,122,96,14,91,144,38,
190,31,204,204,224,105,124,138,111,120,139,189,88,139,109,146,173,230,188,
40,141,103,149,165,236,245,18,198,5,118,78,122,165,65,12,226,0,183,141,
186,10,209,215,100,70,87,158,163,3,85,140,32,213,241,173,197,151,124,201,
151,81,248,184,67,158,247,118,182,135,113,105,74,78,2,62,37,29,53,67,17,
221,248,154,89,230,159,235,118,215,51,115,175,197,117,140,73,54,65,185,
209,51,37,195,227,156,186,175,183,217,99,48,144,77,151,46,252,228,231,166,
195,190,246,68,225,199,222,200,234,194,52,142,127,163,184,248,40,28,159,
152,58,181,209,95,5,192,240,232,202,151,71,231,58,251,251,136,220,147,150,
118,248,186,31,240,233,170,43,76,231,1,208,24,124,220,30,129,0,26,150,230,
72,92,92,199,106,189,6,197,109,9,47,202,220,195,181,206,167,116,62,107,
35,214,224,73,166,51,131,215,56,138,74,186,242,36,33,140,194,134,214,96,
168,210,88,193,86,158,1,8,113,30,46,176,244,238,224,188,111,128,195,104,
195,163,164,106,32,47,235,199,113,243,171,219,202,232,219,247,206,19,177,
95,155,27,59,62,25,188,119,9,219,37,226,89,205,90,114,134,18,47,39,132,
233,163,157,46,125,114,116,150,211,38,222,205,88,26,153,202,195,108,192,
35,212,242,110,98,110,241,137,151,188,188,209,201,102,150,56,50,162,67,
144,160,237,54,235,34,249,24,128,210,14,95,78,139,233,183,221,91,36,109,
157,17,113,117,231,118,83,82,187,242,173,233,61,166,4,174,38,71,219,251,
243,53,110,113,188,201,126,245,50,133,244,64,33,238,4,126,200,236,164,119,
229,75,224,142,96,133,234,104,31,123,30,131,217,148,53,216,156,193,54,103,
248,93,239,202,52,83,203,186,92,195,136,228,147,220,203,8,142,231,33,194,
189,113,235,80,59,253,148,124,78,238,197,53,91,135,19,203,218,6,111,124,
224,251,191,100,34,66,57,37,83,235,16,57,189,4,80,58,87,234,178,214,142,
55,12,93,103,191,243,240,23,91,115,38,39,179,6,126,21,206,39,229,46,141,
252,233,222,168,207,66,188,140,169,149,231,23,196,95,244,102,63,206,224,
108,142,98,0,21,136,43,248,60,154,157,93,186,159,84,128,127,220,190,222,
118,136,229,77,197,53,202,41,130,58,241,2,0,47,240,87,14,230,40,174,226,
115,96,118,46,10,253,4,138,202,139,1,0,201,63,128,31,51,112,17,187,243,
37,112,111,164,184,104,13,106,103,149,33,103,54,113,21,3,89,139,61,147,
179,134,6,45,61,96,117,19,57,138,254,12,228,252,68,36,242,227,187,117,136,
156,78,201,253,117,201,207,47,42,12,116,229,91,118,98,35,139,65,138,221,
187,6,112,5,87,4,114,184,211,35,252,144,203,193,94,206,225,203,137,193,
51,217,159,245,24,108,18,5,144,195,61,42,186,191,56,98,194,41,209,83,116,
144,35,147,182,60,24,72,61,27,122,91,64,21,231,69,144,133,211,184,172,48,
56,236,248,0,121,198,189,228,51,162,245,183,189,225,212,140,228,175,252,
145,99,184,150,9,64,77,96,250,116,212,58,212,206,205,10,157,186,175,138,
118,15,139,102,188,126,221,93,189,74,186,76,180,14,145,243,162,204,235,
42,162,88,74,112,70,176,208,80,116,160,29,25,202,154,172,205,217,246,162,
99,61,102,75,200,159,71,231,238,212,237,24,26,11,84,191,229,168,147,237,
21,210,76,195,85,153,192,158,26,55,151,133,167,236,196,159,57,135,63,49,
176,12,14,71,59,182,226,4,206,229,175,28,65,255,2,199,227,54,156,21,1,32,
204,228,134,196,146,16,82,235,80,59,55,176,237,154,47,111,37,166,163,148,
122,114,79,224,26,213,196,125,244,230,17,28,128,77,250,218,91,66,228,116,
147,117,113,240,185,167,14,129,244,126,183,201,248,247,4,199,187,26,250,
78,90,22,68,200,32,162,53,14,95,151,7,239,101,44,219,211,195,150,129,127,
23,240,182,99,12,48,58,231,255,239,253,20,98,41,163,138,147,25,205,60,26,
248,146,235,252,214,180,162,180,154,237,63,46,29,181,165,86,81,23,205,212,
24,189,109,185,120,138,74,235,176,61,251,107,67,245,82,189,190,215,91,37,
192,33,164,190,218,74,75,171,157,190,213,75,150,198,38,91,90,66,237,60,
75,237,37,221,170,239,202,63,154,118,208,122,154,171,23,11,3,226,165,94,
58,91,191,211,178,106,175,121,26,175,231,117,115,18,171,228,74,235,144,
63,151,211,118,234,173,185,122,79,111,182,0,109,49,84,103,107,148,118,42,
104,235,84,93,37,169,65,93,45,221,76,233,146,244,143,129,214,103,139,49,
232,132,88,153,91,153,72,29,179,121,33,48,79,58,49,43,219,211,255,71,191,
60,173,79,67,36,129,181,158,28,18,252,245,40,92,2,156,126,238,141,146,39,
237,19,129,16,54,176,9,66,244,228,80,166,66,34,151,139,149,169,203,97,216,
252,29,56,161,100,203,165,33,160,134,101,166,212,121,124,200,217,25,207,
162,215,34,142,249,124,197,253,57,7,180,214,64,55,141,43,228,152,22,73,
28,163,163,99,141,252,192,240,104,40,8,229,150,1,95,194,60,235,175,183,
120,207,237,76,254,41,167,8,63,128,65,45,2,90,118,102,106,78,128,244,89,
30,94,139,59,128,123,217,87,149,104,168,191,109,147,198,240,148,253,119,
27,94,225,146,170,98,186,178,15,223,0,59,70,231,238,77,108,138,141,169,
28,4,84,241,203,124,33,144,22,218,152,190,43,46,205,145,4,208,26,88,166,
110,9,62,114,92,66,48,150,246,133,17,120,205,150,60,195,81,223,2,14,87,
82,44,197,182,1,40,95,169,123,222,0,128,186,18,62,146,173,167,211,169,203,
192,74,182,77,186,250,108,42,194,208,48,103,59,122,187,196,74,113,182,218,
73,122,70,187,8,157,169,75,229,242,239,92,163,219,181,167,46,212,71,106,
144,172,94,138,243,12,173,170,59,245,161,142,43,185,6,149,134,128,90,212,
66,188,94,212,84,73,82,71,109,174,158,146,182,213,78,122,202,120,214,52,
75,228,83,154,39,169,173,86,215,170,146,42,116,137,158,209,199,198,211,
26,88,166,245,205,98,56,60,19,90,241,80,240,127,127,181,147,36,61,161,5,
146,42,180,138,250,75,170,208,181,122,56,177,162,246,209,3,209,249,21,218,
195,206,122,39,104,199,37,135,28,161,154,146,247,236,172,149,31,228,86,
240,106,179,145,174,150,228,5,146,134,233,0,73,245,218,72,31,102,184,59,
232,12,221,157,145,138,78,214,170,90,160,123,117,180,186,105,57,125,229,
251,133,247,85,93,158,19,249,148,122,38,115,73,180,127,117,210,171,83,93,
172,198,25,156,145,40,64,174,199,111,105,150,100,77,142,39,182,160,119,
101,28,51,34,152,198,152,202,65,64,237,104,181,169,114,102,25,147,247,83,
79,222,163,109,164,164,247,234,245,140,87,38,53,173,129,101,114,48,43,121,
245,116,72,78,125,83,19,40,199,188,182,191,180,207,221,77,198,49,34,144,
173,92,59,161,2,59,127,207,206,201,59,31,202,226,109,129,233,226,229,125,
52,206,200,241,138,147,104,200,188,251,62,204,6,206,183,179,246,74,151,
0,247,178,167,38,126,121,16,227,241,120,237,243,173,57,161,227,45,66,255,
212,243,137,119,211,15,211,148,89,16,98,42,157,238,216,107,250,103,68,117,
110,50,79,125,223,157,190,235,189,136,199,249,211,166,198,19,167,179,203,
27,159,66,26,14,192,203,101,121,238,1,98,41,105,7,123,43,43,148,56,195,
91,20,95,136,228,22,231,160,22,199,86,102,239,217,185,120,31,192,70,60,
201,108,22,240,162,217,2,186,155,25,235,33,227,235,110,73,60,94,44,176,
173,182,227,91,238,202,212,221,9,124,77,71,3,161,185,32,237,0,131,147,207,
62,150,199,19,116,144,20,96,237,188,228,248,87,17,144,114,91,106,113,70,
96,71,207,16,122,222,156,73,140,207,145,165,242,16,80,79,102,94,138,88,
19,128,166,64,229,233,244,93,49,200,180,27,151,31,39,191,91,3,203,228,116,
240,165,178,114,59,114,107,103,232,223,123,40,0,179,11,252,168,68,234,64,
247,122,102,208,56,35,250,245,81,93,124,207,93,77,23,48,52,208,112,204,
48,255,101,135,136,50,213,62,248,45,118,172,72,215,114,44,141,25,211,221,
70,52,227,19,126,77,3,30,79,59,128,87,179,14,178,23,237,250,153,183,29,
85,38,15,227,202,157,201,35,13,32,181,187,139,10,102,144,186,107,110,75,
35,79,216,141,46,195,69,92,148,3,57,46,15,1,229,140,45,222,71,161,138,245,
76,45,116,89,194,225,245,93,177,210,218,57,123,248,136,184,214,192,50,121,
209,173,20,230,169,72,197,196,208,27,223,169,208,111,45,228,63,211,218,
28,157,241,157,244,41,186,98,236,158,59,162,123,246,158,6,77,124,204,19,
137,18,203,25,166,253,114,177,22,98,43,187,167,253,11,174,95,197,196,12,
16,69,5,239,144,90,32,71,2,147,210,14,224,180,77,233,8,116,143,118,183,
189,194,39,129,177,156,98,92,144,122,185,29,71,56,70,87,37,213,36,44,195,
84,190,176,117,183,43,31,3,89,80,233,242,16,80,203,82,92,174,14,246,0,155,
91,93,28,84,241,48,144,102,198,106,13,44,211,238,133,28,49,134,191,55,78,
173,101,47,115,25,91,90,106,11,37,156,147,140,251,227,72,75,215,37,23,226,
226,103,79,231,180,226,181,125,190,243,56,151,85,111,135,117,70,226,37,
237,163,255,153,142,54,151,220,83,112,125,113,56,205,81,228,144,179,6,52,
37,102,101,231,59,213,195,253,232,103,151,72,133,25,103,100,113,125,219,
45,15,253,17,61,249,103,242,8,46,201,220,237,132,35,242,48,124,166,193,
246,188,195,60,243,97,105,195,83,204,34,3,78,68,75,16,80,222,225,42,46,
245,145,139,227,105,86,23,111,150,220,250,233,183,93,173,129,101,186,168,
144,35,118,214,24,84,162,157,56,38,202,209,81,246,145,62,203,56,171,111,
192,100,51,240,52,89,212,132,199,49,118,66,182,23,250,226,46,220,198,174,
228,49,194,157,54,226,49,147,48,38,22,134,145,182,225,139,68,78,112,212,
157,159,8,23,75,39,26,111,85,21,108,58,198,235,243,100,179,224,210,200,
76,145,36,115,225,156,35,105,166,142,211,48,61,173,78,146,22,147,36,29,
169,35,131,45,70,189,238,211,139,146,164,27,180,129,254,96,219,172,171,
180,161,46,213,37,250,56,82,193,182,4,1,181,161,93,245,25,251,221,85,91,
170,179,218,234,62,173,144,224,18,251,244,203,225,102,169,151,86,149,36,
189,17,241,180,6,186,233,27,189,25,241,188,17,253,218,80,249,50,91,39,235,
158,92,237,129,186,89,21,146,38,106,59,123,131,190,140,214,82,122,68,123,
73,122,215,220,69,253,61,247,147,36,189,26,93,235,14,251,229,147,206,248,
36,179,143,105,125,73,219,107,87,73,205,250,99,161,82,249,0,173,168,125,
50,247,218,39,250,125,175,101,137,69,120,63,150,212,22,223,206,220,5,220,
104,115,6,214,79,147,137,246,69,192,111,206,42,204,130,29,203,239,71,145,
174,221,199,179,128,77,184,146,212,25,65,180,6,2,202,197,251,132,48,103,
222,149,59,93,169,221,184,185,53,119,109,88,144,140,139,150,97,153,42,236,
9,47,44,195,35,147,182,223,167,154,106,170,25,198,63,56,166,16,37,113,79,
115,213,152,92,98,243,235,246,59,255,136,234,156,175,255,92,147,172,188,
68,226,125,13,93,152,200,247,9,247,154,193,252,51,180,240,26,149,140,205,
224,9,59,234,76,83,18,84,231,230,220,183,220,15,231,67,151,26,80,157,55,
218,60,91,193,159,179,139,53,113,45,93,217,136,90,82,13,153,191,153,48,
196,99,3,106,121,197,212,186,59,80,207,62,136,55,136,197,158,150,224,157,
42,109,170,252,91,244,0,78,235,231,141,203,94,156,58,46,226,113,30,201,
126,93,108,13,44,211,74,214,78,214,63,47,36,31,3,180,107,25,30,33,118,50,
109,225,79,37,116,3,62,92,51,214,120,188,11,164,123,16,183,71,79,189,121,
93,236,83,248,65,191,176,86,70,151,176,220,236,75,62,29,70,21,206,70,120,
172,253,239,246,15,215,134,47,123,146,109,103,122,219,166,200,91,172,151,
11,108,238,63,209,0,60,144,172,213,127,178,250,116,173,235,197,55,124,103,
43,108,103,102,49,139,23,120,129,58,96,116,162,234,109,57,5,165,119,192,
10,87,252,229,173,110,160,253,246,65,98,33,232,163,83,178,212,37,175,127,
75,227,217,170,204,71,243,206,151,165,225,113,83,49,177,84,90,43,71,91,
219,142,99,122,228,109,24,146,15,21,27,16,212,185,177,56,55,137,65,254,
91,230,131,59,89,41,244,205,118,226,103,125,102,147,231,169,130,143,50,
40,73,98,37,102,112,39,183,2,151,242,40,159,35,115,123,61,72,164,72,147,
112,59,235,178,183,233,230,127,8,188,129,59,115,83,160,43,207,234,245,31,
225,139,228,255,54,140,164,222,12,69,41,86,167,43,181,137,190,174,101,120,
39,63,67,164,14,213,237,204,134,245,65,162,242,24,98,175,193,139,128,109,
57,219,90,25,148,156,213,26,88,38,23,38,250,77,25,14,63,10,191,47,203,179,
137,13,164,217,81,151,140,233,194,204,61,139,131,204,236,147,98,157,60,
151,249,224,110,129,10,213,105,213,0,188,91,226,26,187,67,242,5,60,253,
49,112,30,95,192,163,184,24,166,105,116,171,74,68,142,41,90,76,71,232,8,
19,17,230,107,63,205,76,4,134,26,29,175,71,117,135,150,146,36,253,81,87,
4,9,206,87,214,46,186,44,249,117,177,182,209,9,137,48,245,162,105,216,15,
211,157,26,165,129,86,219,26,120,167,13,76,64,241,45,119,212,134,234,43,
169,78,199,201,187,48,184,251,110,48,16,187,46,218,200,4,211,59,18,155,
196,207,129,110,26,173,114,197,241,148,135,119,187,70,93,36,73,223,26,40,
147,47,223,5,191,253,253,184,123,238,160,254,38,254,221,163,155,18,158,
245,163,251,89,81,61,37,165,34,160,228,159,60,180,184,132,229,92,141,204,
136,179,210,191,244,128,30,212,238,146,110,213,169,170,145,244,131,250,
105,168,230,8,151,136,12,238,177,94,14,161,192,23,82,15,115,2,79,115,240,
180,231,8,190,99,108,178,32,148,178,251,93,10,220,153,252,106,13,188,211,
187,20,149,25,209,56,152,90,192,81,203,153,145,82,180,101,88,166,42,155,
182,207,36,127,223,158,188,152,56,164,12,79,187,66,91,33,192,253,45,220,
115,51,215,4,186,196,21,173,214,11,152,78,251,255,85,208,134,151,125,14,
43,188,143,157,40,78,226,117,16,205,188,74,51,95,216,181,30,225,107,218,
59,69,144,211,67,159,128,216,140,65,156,193,54,145,115,214,41,188,204,203,
230,217,214,201,46,237,149,193,91,49,131,235,147,165,98,85,230,240,65,161,
133,250,49,210,0,133,214,192,59,181,207,224,125,52,49,141,215,57,59,146,
186,151,139,56,26,152,194,43,156,155,89,163,91,3,203,180,174,213,108,67,
254,190,61,181,70,76,220,160,228,181,210,39,141,239,185,137,217,124,200,
13,81,56,71,254,131,59,215,242,0,225,63,145,125,86,47,188,143,55,10,225,
101,151,161,142,87,233,192,99,52,198,250,88,31,200,69,201,117,203,233,168,
92,254,75,151,101,244,251,100,45,239,80,54,114,247,127,244,203,144,147,
125,102,183,152,10,43,166,189,233,129,88,43,137,244,30,14,76,70,62,112,
162,54,231,188,236,201,45,16,141,60,199,72,19,177,178,216,52,49,85,114,
16,79,242,45,11,168,229,75,110,98,9,118,228,81,126,164,158,239,185,43,231,
242,81,197,97,188,192,52,26,152,194,227,65,108,194,18,214,203,189,51,131,
191,203,112,219,83,174,243,85,114,8,207,242,3,245,204,103,28,215,101,52,
114,189,24,202,199,204,167,150,113,12,206,120,24,109,192,48,190,163,145,
25,60,157,155,74,55,226,110,38,82,203,124,62,225,194,130,116,240,254,190,
178,155,179,210,119,234,67,184,193,171,122,83,234,205,84,224,145,92,107,
206,53,53,11,42,21,210,80,170,57,7,177,31,213,220,95,194,197,119,57,106,
129,85,28,148,96,41,224,87,33,214,204,248,220,100,179,220,246,228,124,134,
36,105,73,186,88,140,109,90,98,239,151,25,73,66,19,33,150,206,120,253,54,
39,118,110,183,237,74,163,254,254,156,187,203,243,34,197,146,88,153,145,
137,172,223,222,182,78,105,25,19,188,198,24,228,1,94,15,100,242,88,41,220,
20,197,238,94,148,241,26,250,40,81,109,251,37,107,29,118,103,20,53,17,20,
205,34,60,193,199,236,68,87,78,229,141,92,224,201,94,65,123,155,101,142,
61,2,220,87,198,67,187,20,185,168,192,203,113,38,190,49,209,177,45,72,163,
36,47,6,254,36,238,3,178,198,201,152,214,229,9,102,80,207,100,170,11,246,
211,247,2,239,39,24,23,78,148,107,228,21,30,54,29,28,64,13,207,242,172,
189,164,52,205,228,98,230,242,85,207,243,60,111,179,75,157,109,252,220,
94,120,68,116,149,48,60,194,133,142,158,204,93,252,68,29,175,113,36,83,
73,117,141,67,237,46,94,102,120,34,6,250,217,101,69,179,174,253,200,227,
22,134,145,122,207,255,213,62,251,107,12,55,91,100,109,50,7,121,143,253,
119,24,158,56,177,121,117,142,51,215,204,180,13,101,28,135,188,150,25,194,
230,83,195,141,185,60,172,187,83,77,53,141,228,45,37,127,0,238,200,76,243,
62,250,184,119,226,182,115,89,129,211,152,51,127,237,105,90,218,24,225,
232,116,210,112,215,46,124,199,67,63,183,119,101,105,119,224,173,196,199,
189,138,89,64,179,117,147,74,147,157,63,179,32,45,111,228,244,217,46,156,
201,99,130,69,200,120,207,22,7,126,228,66,25,135,36,215,113,170,168,195,
146,223,171,21,4,141,124,105,227,171,29,179,129,102,243,89,234,102,93,203,
239,140,157,231,193,99,54,241,187,96,9,231,43,224,140,224,179,77,72,90,
212,148,220,30,49,200,89,222,92,56,89,133,181,226,193,87,142,183,142,3,
163,121,56,19,6,179,132,161,30,192,167,133,105,120,253,114,55,38,83,123,
34,39,228,150,14,167,178,250,33,114,219,121,168,176,205,82,84,77,38,38,
83,246,176,174,244,227,32,222,97,62,63,242,55,42,233,200,217,124,74,45,
83,184,49,233,157,109,76,217,225,220,60,22,225,7,94,11,214,194,42,86,101,
85,86,64,180,103,109,254,110,173,166,177,113,110,14,112,178,180,139,208,
109,12,110,199,141,20,231,22,229,182,75,62,194,176,187,77,190,97,162,20,
55,89,127,205,112,155,105,38,39,186,243,69,56,142,227,18,27,249,238,246,
113,156,158,221,5,76,204,72,118,46,131,104,164,209,34,124,157,122,37,141,
159,119,10,25,167,160,237,108,207,242,180,153,111,7,176,7,123,36,193,93,
206,154,95,83,152,38,251,65,38,115,26,39,209,4,76,14,82,58,165,180,39,64,
201,44,173,33,249,116,208,177,219,206,192,86,156,233,105,2,243,13,255,192,
117,239,161,174,218,225,225,205,74,194,150,1,174,48,179,170,43,255,180,
6,214,183,223,165,210,69,87,113,32,15,50,177,132,143,109,216,33,156,51,
87,232,3,228,70,253,101,164,219,37,175,41,112,26,197,121,193,110,217,225,
98,222,72,27,68,37,195,129,111,163,251,232,202,174,156,199,253,201,50,228,
195,213,221,167,42,130,141,238,20,185,189,167,229,82,187,94,234,89,252,
25,151,101,244,36,174,235,22,251,62,181,55,241,218,201,90,159,23,24,111,
29,82,72,232,162,94,10,224,209,187,147,199,110,59,127,203,181,88,234,252,
69,241,46,109,222,134,243,59,119,192,171,102,23,240,116,132,80,249,6,79,
219,38,241,7,107,194,69,15,212,69,146,115,42,88,172,96,54,62,87,138,179,
140,98,163,192,173,205,97,68,187,243,59,60,25,191,221,76,63,169,115,144,
120,45,224,221,11,248,33,17,236,14,33,20,24,171,184,32,8,171,116,93,241,
46,59,230,92,90,138,50,7,196,106,235,180,120,83,211,31,50,138,158,17,137,
200,217,209,158,180,104,116,139,13,120,148,105,212,242,188,205,106,121,
183,51,183,156,132,93,170,24,224,209,187,192,167,160,146,47,68,207,214,
210,249,110,160,187,206,255,39,251,66,93,171,2,229,227,116,109,174,113,
170,208,104,13,144,212,172,189,244,184,164,171,117,74,160,82,188,90,87,
231,84,143,27,152,226,178,189,158,214,202,146,166,171,90,239,235,19,157,
174,253,36,125,158,113,86,174,215,151,146,58,106,89,73,10,16,241,251,104,
181,68,193,153,85,206,110,144,83,134,110,36,105,124,226,194,189,142,20,
40,63,171,181,183,164,169,122,88,31,234,67,93,162,109,146,115,151,81,111,
73,42,12,236,114,41,177,102,229,114,10,188,108,127,135,105,180,78,213,126,
166,110,150,118,209,21,58,90,146,180,174,218,72,154,97,224,79,113,57,73,
215,88,150,144,237,172,230,24,157,31,185,167,87,106,125,73,245,137,67,120,
250,188,179,53,62,106,107,13,115,129,31,146,212,76,151,228,97,163,194,82,
124,126,250,165,164,127,232,31,86,135,240,182,110,111,50,117,120,115,94,
129,233,212,14,229,118,157,94,176,240,248,119,189,173,191,58,68,203,34,
119,229,212,188,154,246,251,211,109,212,87,226,61,14,188,71,98,59,91,175,
194,56,219,11,129,57,230,10,185,35,181,52,37,66,158,3,76,253,196,4,211,
206,54,106,92,132,141,71,6,241,26,197,126,156,193,25,166,215,112,50,69,
140,250,155,167,54,108,203,93,54,226,253,178,226,112,72,179,112,140,126,
196,1,212,240,52,47,38,190,84,251,68,60,14,88,106,116,84,87,12,240,232,
188,6,194,120,228,88,20,109,233,124,135,17,224,44,136,107,82,77,53,125,
92,96,72,95,45,41,73,26,97,125,194,229,220,125,42,250,21,142,190,124,127,
91,160,79,37,237,42,73,122,220,188,96,142,177,28,215,62,207,109,59,93,174,
206,146,46,211,120,73,115,173,118,75,107,121,105,13,146,36,93,166,102,73,
171,219,25,174,156,166,69,36,197,230,154,110,146,186,234,99,189,162,190,
218,88,210,184,36,164,197,153,179,238,179,81,118,186,58,73,106,180,89,200,
123,36,173,104,99,231,74,237,37,153,193,105,134,36,105,89,85,217,136,58,
73,253,37,61,173,225,146,78,209,30,146,222,212,89,106,210,72,141,84,179,
14,151,18,159,34,55,127,126,144,123,47,21,6,0,247,174,118,213,79,146,182,
212,72,181,73,158,206,151,34,32,57,55,130,179,198,30,239,183,229,75,91,
173,103,237,103,75,241,249,210,6,154,109,115,238,54,218,95,181,58,88,18,
222,70,237,17,101,253,142,192,75,184,206,131,37,139,56,159,82,42,88,184,
113,59,158,173,89,151,193,137,54,191,150,147,89,155,223,155,0,243,92,114,
158,131,151,154,199,17,172,197,129,38,17,140,50,49,207,201,183,83,216,157,
117,25,106,35,39,68,188,245,251,139,176,156,30,181,251,30,91,176,30,151,
216,185,30,50,182,173,205,37,239,178,5,3,76,199,57,211,102,44,239,60,250,
0,27,50,208,68,212,105,182,179,112,30,83,13,156,201,186,172,199,137,230,
47,229,181,7,78,88,254,3,217,55,227,98,240,234,130,205,159,115,80,191,34,
226,114,160,153,161,103,97,17,192,163,240,6,178,212,109,231,15,54,187,100,
3,205,75,157,191,100,48,43,220,137,153,147,133,247,200,245,135,220,180,
53,195,94,119,111,107,172,116,108,79,42,88,92,21,125,144,102,206,177,23,
149,150,183,2,31,131,125,115,159,240,147,68,97,27,7,124,186,29,120,186,
8,185,23,123,57,87,51,133,58,94,231,112,126,36,13,216,184,55,58,215,117,
165,20,200,233,172,204,53,235,2,212,175,199,50,199,230,36,186,185,213,11,
180,14,47,155,142,206,251,28,229,61,128,156,123,122,184,79,119,27,203,139,
34,46,167,11,13,29,72,124,244,79,156,241,192,91,27,39,154,114,104,49,27,
154,121,236,144,226,243,157,107,217,165,89,110,225,117,203,126,37,113,120,
26,222,65,121,23,160,40,99,111,74,231,226,87,231,222,65,132,237,79,236,
137,216,62,64,30,171,97,104,70,107,245,39,67,217,112,31,226,134,64,159,
176,97,178,233,90,192,241,134,207,119,89,112,230,35,25,189,249,142,60,157,
168,95,151,179,23,3,179,56,206,70,242,156,36,142,161,77,148,163,224,243,
8,25,169,171,185,156,184,242,66,228,111,179,71,100,200,157,199,229,137,
213,211,1,57,205,45,48,205,56,125,97,232,252,229,188,112,142,9,106,156,
41,174,38,10,45,201,2,60,58,74,173,141,183,176,22,187,27,114,200,143,5,
32,126,197,231,59,41,39,151,108,163,74,89,7,132,13,163,95,121,249,187,104,
189,113,220,83,180,142,118,213,42,106,212,103,122,94,11,36,61,175,126,218,
73,43,170,81,227,53,50,89,247,125,249,135,30,208,14,234,39,52,65,47,218,
26,44,91,189,86,209,30,234,173,239,244,180,126,10,92,37,124,217,55,3,156,
240,172,158,77,254,159,168,213,181,135,150,209,55,26,161,89,146,73,234,
190,52,233,68,253,93,219,106,113,45,208,7,122,45,106,103,174,246,84,127,
109,161,110,250,73,175,5,30,210,146,244,152,158,213,230,90,93,93,53,79,
159,235,245,224,89,220,219,251,40,7,229,208,78,43,74,10,247,57,93,130,125,
142,47,235,169,74,210,251,17,68,111,57,9,224,39,245,210,209,201,51,205,
215,190,129,219,78,249,243,195,47,21,22,150,177,126,229,131,139,156,236,
238,215,15,23,49,228,85,13,206,225,50,246,176,253,190,0,143,254,127,148,
186,109,164,42,179,99,1,248,50,122,91,78,175,18,230,96,205,2,60,122,114,
42,172,187,3,164,162,98,183,157,82,231,139,233,5,144,149,182,11,149,126,
212,100,73,210,82,38,187,199,51,128,251,213,93,107,75,74,189,215,37,169,
66,123,105,115,197,56,51,253,244,79,77,86,131,38,232,24,173,42,132,154,
213,61,226,232,169,115,244,182,102,169,65,63,234,17,109,146,235,149,253,
116,147,190,82,189,166,233,225,140,204,44,181,213,113,122,89,211,213,160,
233,122,94,123,102,142,110,145,123,194,187,163,227,21,58,84,175,106,142,
234,244,185,6,171,125,230,236,53,117,187,38,170,78,51,245,111,237,152,187,
171,205,244,144,126,82,131,190,213,13,90,52,119,180,171,38,9,189,96,123,
117,105,142,205,9,27,219,239,37,117,161,36,233,178,232,109,197,243,173,
187,7,215,66,241,12,240,142,206,211,230,58,75,127,209,182,90,171,112,102,
46,117,254,10,90,164,208,237,205,226,115,125,76,128,211,75,123,231,71,63,
59,56,89,120,39,251,85,236,137,226,105,159,200,124,236,162,255,226,164,
43,91,102,28,163,26,51,177,109,123,71,45,204,141,4,164,238,38,73,167,37,
150,6,110,37,91,194,53,184,167,57,192,251,242,100,116,238,105,17,248,34,
25,163,78,188,243,24,159,91,123,111,6,158,138,52,164,238,78,231,241,39,
214,230,96,67,254,125,45,35,43,184,200,134,16,48,46,11,240,232,168,179,
233,30,74,187,155,150,63,223,229,19,41,136,143,108,169,185,159,75,219,219,
141,78,227,241,0,249,227,222,128,99,89,147,204,127,226,9,222,48,69,109,
136,217,185,165,125,134,55,121,193,142,134,41,16,30,176,78,241,68,146,55,
111,102,240,74,219,51,11,120,209,130,55,28,165,251,151,118,246,73,62,231,
209,36,243,89,250,66,157,26,171,137,151,25,97,138,228,218,224,35,159,15,
64,3,207,39,110,49,97,148,176,219,153,12,207,56,213,236,148,179,136,124,
146,113,76,89,204,158,32,92,20,178,0,143,142,54,179,59,42,229,182,211,210,
249,206,80,191,115,158,63,253,215,69,156,61,88,178,97,71,78,99,158,6,60,
174,150,164,134,18,162,163,237,231,159,163,43,162,109,242,145,194,177,228,
44,90,99,76,106,63,209,56,188,86,191,157,141,9,55,174,179,142,223,206,132,
49,213,118,214,23,219,185,233,221,236,3,212,150,76,185,232,86,207,27,168,
64,116,180,235,120,237,98,39,102,2,115,204,97,106,41,51,100,251,109,224,
122,52,1,243,76,159,232,162,234,98,41,251,8,78,43,112,221,56,52,128,167,
107,224,230,220,157,57,239,190,88,99,151,5,120,116,228,100,133,210,110,
59,45,157,239,192,240,123,229,249,253,63,30,255,166,156,111,172,88,131,
239,129,9,65,205,180,8,206,249,207,246,106,252,131,30,106,15,191,105,192,
227,236,115,222,246,229,66,64,83,23,72,167,238,244,128,15,222,246,232,119,
180,238,19,122,241,198,1,51,134,54,194,199,9,3,220,98,90,138,90,96,74,178,
125,235,69,63,250,37,219,67,247,41,82,165,170,211,68,120,243,179,243,134,
246,41,219,61,222,127,105,60,181,148,186,177,55,103,114,22,127,200,57,165,
85,83,109,134,183,48,172,46,15,240,232,200,129,72,151,115,219,41,127,126,
27,230,49,169,232,12,255,143,15,65,222,190,176,217,10,122,176,25,215,152,
193,52,53,225,46,79,28,189,231,180,112,105,210,37,167,99,108,12,60,133,
189,218,196,57,134,45,97,134,212,20,82,194,205,25,62,64,204,235,238,253,
203,219,134,195,56,44,177,251,59,135,146,212,142,190,40,245,192,145,28,
200,63,184,147,83,51,26,50,23,75,27,107,225,82,114,129,40,62,19,215,226,
212,144,38,171,105,107,250,10,111,156,174,180,220,106,105,199,115,54,198,
221,74,180,93,68,222,179,23,226,64,245,34,128,199,159,67,165,206,95,147,
18,174,35,254,159,19,137,203,28,222,11,0,217,30,138,142,165,230,157,253,
9,189,118,242,90,67,23,244,20,230,229,112,57,116,106,104,195,38,60,207,
2,160,57,248,40,125,109,213,244,98,166,243,152,107,200,41,89,170,88,221,
182,69,147,130,145,229,252,114,82,12,131,111,3,23,212,54,86,191,39,215,
240,53,245,76,224,156,72,249,226,242,147,140,163,63,237,24,200,24,160,54,
89,0,156,35,86,138,31,228,178,16,166,230,231,88,84,206,210,141,192,252,
156,227,214,57,164,37,76,39,225,166,250,108,192,123,17,157,12,212,230,58,
93,169,243,15,39,157,193,10,59,192,61,20,149,231,109,12,124,22,213,166,
59,219,43,8,161,218,183,177,139,167,205,187,143,116,91,80,227,66,181,94,
35,69,240,29,21,32,236,184,213,53,197,230,115,126,0,89,129,102,137,228,
78,222,138,212,157,163,114,247,159,70,200,249,212,145,33,96,92,108,153,
191,52,58,243,187,224,41,221,60,52,223,214,248,10,195,67,126,61,57,238,
186,105,169,176,177,69,152,78,249,216,196,255,132,86,160,134,249,133,126,
13,197,116,19,37,34,31,42,163,93,102,131,106,84,163,154,196,194,188,157,
118,147,84,161,119,245,128,30,48,109,91,179,222,143,246,166,233,222,210,
133,48,165,214,233,197,44,66,189,56,168,105,45,171,217,68,175,170,155,253,
239,130,199,70,203,239,148,157,222,33,11,126,182,102,242,223,210,234,28,
236,115,55,145,52,71,251,171,147,250,233,117,73,210,14,201,174,124,43,251,
219,93,175,235,223,166,119,59,222,238,88,146,186,168,147,194,253,249,164,
64,19,232,44,135,29,117,145,58,169,159,238,213,78,146,20,216,239,215,207,
61,101,88,102,104,176,164,109,75,28,149,122,106,140,16,5,122,7,105,128,
22,168,193,218,15,75,165,238,84,179,118,206,249,46,72,239,139,32,80,47,
45,199,171,194,144,27,178,5,145,226,223,248,61,117,91,243,143,13,225,13,
125,79,79,211,47,86,50,55,2,88,247,122,2,239,248,93,109,191,195,72,88,183,
27,222,31,81,193,146,137,11,154,15,28,119,94,186,169,40,230,124,132,242,
249,176,71,88,59,225,22,113,41,118,101,215,68,108,243,169,22,252,34,224,
180,252,11,12,108,218,227,145,120,111,186,190,38,154,206,228,9,94,182,119,
241,86,112,197,60,34,121,24,29,225,92,208,7,103,238,50,165,54,124,108,184,
41,121,234,200,235,204,102,40,69,8,101,189,248,134,108,114,107,71,203,51,
36,9,240,136,233,66,224,167,156,120,218,150,207,136,165,181,132,220,31,
143,127,19,186,23,58,39,145,80,66,117,147,100,138,72,179,6,113,210,131,
197,237,213,125,192,22,108,158,24,86,194,96,14,239,171,230,165,132,74,115,
190,246,123,15,183,255,246,158,108,62,223,223,122,5,55,94,145,56,98,22,
191,216,213,236,74,222,93,221,233,36,124,242,137,46,118,116,99,107,203,
201,252,207,155,242,196,59,128,167,75,211,22,129,217,202,61,87,115,176,
248,56,131,87,193,30,187,69,170,226,73,102,178,1,206,59,57,251,73,159,6,
62,105,213,94,35,37,39,4,230,129,249,118,4,230,20,197,24,184,63,14,255,
166,33,138,235,115,143,21,250,236,57,123,127,186,193,56,140,236,182,49,
180,166,97,93,40,68,254,114,190,106,97,34,168,143,131,171,244,180,243,60,
106,238,110,0,124,95,194,210,224,230,163,89,133,199,60,130,95,26,242,237,
54,110,62,2,223,137,171,77,166,232,113,6,240,185,137,62,193,71,20,174,27,
180,215,143,11,184,135,171,217,130,189,129,208,56,237,81,11,122,23,220,
69,169,184,39,79,3,24,98,145,129,203,49,132,157,162,99,199,3,205,57,143,
223,150,90,116,24,195,69,185,8,158,36,31,52,158,116,0,7,147,24,194,45,250,
151,146,42,20,43,77,169,145,54,114,35,89,193,162,119,146,49,176,137,203,
76,13,28,218,171,93,116,124,42,154,117,102,62,208,104,31,198,67,85,249,
212,8,110,140,123,67,201,126,76,98,82,224,80,226,188,108,189,43,213,142,
12,97,72,32,19,59,132,78,47,230,117,0,194,217,194,105,31,188,7,129,75,86,
149,182,188,158,13,135,226,208,47,135,94,152,34,162,236,151,233,106,41,
149,142,123,106,153,150,96,14,121,117,78,107,90,124,143,108,62,177,171,
37,145,0,0,32,0,73,68,65,84,68,71,43,81,23,165,223,137,58,128,27,171,30,
183,166,19,187,90,86,157,16,53,103,117,123,45,229,241,169,171,216,157,179,
56,145,21,241,42,159,195,130,163,217,112,15,231,66,226,33,28,253,2,225,
116,17,14,68,178,33,241,181,117,74,166,217,22,161,208,203,164,0,239,138,
125,39,144,234,246,55,162,30,2,152,196,54,52,3,205,182,147,239,96,218,50,
191,212,220,18,117,7,175,116,241,78,36,7,51,153,201,73,203,187,208,76,44,
31,92,22,113,167,84,46,238,201,191,171,210,163,249,94,96,65,38,223,96,203,
45,10,167,44,175,111,253,194,33,82,7,205,108,25,21,105,158,15,3,194,192,
46,255,106,195,64,145,144,188,202,39,12,230,72,87,203,53,216,197,60,112,
234,3,99,143,147,8,222,101,19,182,181,185,36,69,47,223,219,238,234,77,78,
225,28,115,250,152,154,104,235,189,145,244,126,78,228,42,51,38,133,19,161,
251,228,47,177,49,91,27,252,212,7,137,30,192,3,192,93,201,186,108,97,162,
107,109,162,139,56,196,142,222,195,241,220,72,29,80,31,197,214,184,133,
49,111,124,45,23,247,36,202,143,230,85,105,34,63,145,183,212,162,35,231,
98,230,140,251,173,8,177,21,165,96,18,31,204,76,129,110,82,205,162,98,150,
14,20,217,18,136,21,181,30,250,96,177,40,78,62,148,241,207,35,46,175,5,
214,181,206,230,169,144,150,154,96,119,189,82,206,105,107,84,20,107,119,
104,230,232,140,192,166,185,120,206,117,173,62,201,13,38,250,4,2,32,64,
83,2,143,33,68,133,157,155,77,101,83,62,238,169,165,209,124,59,208,148,
9,36,109,169,69,79,110,86,117,203,104,203,33,182,18,62,148,114,110,98,63,
187,139,33,5,146,183,115,73,204,102,18,43,10,20,113,116,6,16,167,70,76,
161,15,188,215,218,212,76,168,121,85,160,144,106,228,159,153,229,102,64,
146,113,199,125,224,24,88,97,231,32,230,119,1,151,229,150,170,11,130,64,
149,87,51,240,74,27,71,153,9,222,203,136,94,187,4,29,100,124,70,89,238,
195,53,179,89,123,202,197,61,137,242,163,185,11,243,200,231,8,106,169,69,
79,110,6,112,30,138,45,133,216,202,185,132,57,37,208,235,58,160,164,178,
66,106,111,74,153,172,75,65,81,160,136,43,121,103,178,97,26,102,255,141,
211,32,85,232,51,61,167,5,209,57,141,58,68,87,105,75,117,214,100,141,204,
229,239,121,79,43,107,91,173,169,118,154,170,55,245,105,230,232,211,90,
86,59,106,37,73,19,244,66,129,163,212,249,186,67,59,168,143,102,233,141,
156,11,247,91,90,89,91,105,109,117,212,52,189,157,64,85,250,242,148,250,
105,23,245,83,141,222,215,235,25,215,47,167,164,153,24,57,180,73,50,16,
204,39,130,154,165,37,201,220,110,54,210,222,146,154,180,151,57,140,61,
169,49,90,75,178,96,153,157,212,89,113,166,130,150,91,76,139,115,232,113,
202,171,236,55,40,66,67,106,37,76,162,83,165,230,147,180,254,143,138,168,
163,141,232,212,219,160,143,233,52,156,230,161,252,104,118,222,196,43,252,
172,22,83,250,20,152,99,255,183,28,98,171,202,66,20,170,124,113,125,231,
227,76,62,141,242,101,184,208,215,230,26,25,151,109,53,79,104,190,5,164,
196,229,44,33,146,112,146,226,242,148,208,36,203,39,18,150,27,132,208,63,
11,207,57,68,147,53,93,123,255,7,215,219,89,8,253,57,87,223,73,163,132,
208,193,185,35,61,236,111,170,92,62,88,21,146,38,155,163,86,249,209,60,
64,210,28,77,248,89,45,250,210,77,171,200,143,241,229,44,140,205,127,217,
1,170,144,84,147,9,140,251,197,70,193,65,164,17,251,49,237,78,45,119,113,
58,197,33,209,237,153,64,54,221,98,76,135,3,227,51,153,112,132,3,181,190,
148,25,44,72,20,62,41,13,224,123,86,100,80,148,186,169,117,215,235,193,
119,52,71,174,220,142,170,120,138,249,12,1,62,206,169,170,188,166,209,7,
171,44,109,99,209,41,209,90,26,205,115,200,99,0,150,111,49,37,231,210,231,
236,126,45,135,216,42,235,18,182,49,247,243,45,245,204,226,101,246,13,234,
95,193,69,205,157,69,154,24,190,60,45,206,12,198,21,26,72,15,162,206,244,
135,79,211,20,79,71,70,187,67,130,104,155,167,165,152,197,167,5,159,248,
88,123,61,199,81,16,254,192,49,188,71,55,170,115,50,115,203,215,187,155,
198,92,152,181,75,84,239,240,0,238,165,8,64,182,92,220,83,249,184,200,42,
32,84,75,181,166,197,148,156,225,222,233,78,178,26,10,39,120,94,29,159,
17,254,24,146,241,97,243,70,25,231,104,124,37,69,152,51,165,104,59,6,23,
42,71,91,71,255,46,147,224,101,7,6,39,26,254,148,186,114,158,133,175,85,
114,102,14,110,73,244,225,125,106,184,179,132,26,171,244,245,122,112,126,
70,69,235,104,53,134,152,159,83,31,134,228,195,45,202,198,61,149,31,205,
93,50,159,173,53,45,166,119,91,75,154,160,174,229,16,91,133,29,192,227,
234,191,193,19,9,166,189,19,68,150,164,154,106,182,64,220,68,117,14,223,
239,127,84,76,165,227,158,202,143,230,10,154,40,182,220,149,107,209,145,
155,228,125,135,117,106,53,191,77,244,234,174,12,190,176,255,167,135,237,
117,15,70,136,213,109,207,124,88,11,15,233,180,117,41,96,65,121,205,83,
203,122,169,114,224,110,191,196,177,242,160,112,254,216,76,254,157,155,
5,202,157,231,105,17,14,96,16,103,178,79,78,75,80,126,52,127,75,169,48,
245,210,45,10,151,36,50,52,43,183,20,98,27,117,0,23,181,146,90,215,157,
202,37,85,78,22,121,189,117,183,70,83,159,223,242,154,167,150,244,82,229,
192,221,126,137,99,45,129,194,197,229,172,146,199,226,243,90,71,229,70,
243,211,209,91,106,61,13,38,86,172,151,15,177,205,116,0,39,60,120,89,215,
187,65,122,173,87,177,215,155,119,0,73,161,71,203,107,158,90,210,75,149,
3,119,251,37,142,149,3,133,203,31,107,74,172,148,229,206,203,146,155,35,
239,45,56,82,122,52,59,127,193,34,9,170,191,61,77,81,190,224,21,152,79,
140,102,220,82,136,109,212,1,54,100,59,182,75,110,229,0,0,166,37,174,133,
165,189,222,174,164,38,24,81,229,193,221,202,31,45,7,238,246,75,28,43,7,
10,87,124,236,220,22,207,203,82,71,11,114,201,26,108,202,147,51,71,239,
85,112,196,185,170,100,13,114,66,84,240,18,240,102,198,229,163,55,199,112,
46,135,151,203,132,80,84,185,170,105,213,83,113,47,14,31,75,105,49,166,
68,57,171,202,107,158,202,31,45,7,238,246,75,28,43,7,10,87,124,236,186,
22,207,203,210,38,54,2,55,198,75,60,197,37,182,188,84,240,37,197,49,0,206,
112,125,115,193,145,147,128,169,37,231,161,50,148,175,218,204,214,251,71,
3,113,161,216,235,109,63,198,242,67,144,178,176,60,184,91,203,208,111,165,
193,221,254,251,199,202,129,194,149,58,54,164,133,243,242,228,208,131,156,
147,246,153,133,231,1,204,205,237,230,207,133,32,9,71,74,14,95,32,159,167,
108,117,230,83,159,19,70,221,19,199,73,229,156,163,79,154,60,46,72,30,45,
73,29,116,174,6,169,141,164,97,58,76,169,218,113,64,164,82,116,101,89,221,
161,71,116,78,96,140,88,223,212,153,30,59,199,39,64,110,106,197,81,169,
74,231,233,52,75,185,32,161,10,165,102,139,255,254,177,141,213,65,69,101,
82,153,99,99,90,56,47,95,188,2,189,78,210,130,36,173,244,166,90,90,210,
12,61,111,191,199,71,232,0,146,116,145,46,42,104,173,147,214,144,36,189,
175,211,117,184,86,212,116,13,211,121,90,32,105,108,226,253,28,150,137,
90,67,74,80,205,92,57,95,146,116,95,234,105,29,118,128,223,235,26,45,47,
169,86,127,209,13,65,253,242,6,210,20,119,128,31,212,61,115,227,229,193,
221,90,130,126,43,13,238,246,75,28,43,7,10,231,142,125,166,63,102,142,141,
109,225,188,124,113,207,232,224,171,174,211,117,86,251,158,150,150,244,
156,165,227,203,151,74,205,80,119,73,191,211,191,163,250,117,85,37,169,
78,151,27,228,220,18,58,93,171,232,247,17,79,87,93,169,125,212,83,111,104,
51,77,148,228,19,0,186,178,189,54,145,84,167,243,130,58,155,10,122,36,78,
220,239,4,153,128,253,84,15,45,229,212,17,45,105,158,202,31,45,7,238,246,
75,28,43,7,10,247,159,30,203,146,151,114,98,159,7,143,44,158,215,86,122,
234,111,211,116,54,148,244,212,100,209,248,130,199,146,28,64,113,112,200,
179,86,123,35,62,173,102,168,227,116,64,93,81,120,156,11,12,233,173,81,
218,95,82,179,46,210,166,57,24,197,210,129,15,61,245,166,16,58,85,82,75,
224,110,229,143,150,3,119,251,37,142,165,160,112,174,156,164,219,116,155,
246,10,142,173,150,76,171,183,232,67,125,104,9,50,203,157,151,45,3,44,99,
82,108,175,91,71,109,163,39,207,151,30,122,64,15,232,186,92,66,72,159,186,
242,239,90,89,123,104,61,205,147,36,237,18,113,252,78,210,116,61,162,39,
165,220,12,176,173,6,74,154,169,161,81,171,136,10,27,157,243,75,248,182,
151,242,122,235,203,199,124,201,142,204,98,26,221,105,73,243,84,254,104,
57,112,183,95,226,88,57,80,56,127,236,41,54,102,115,67,36,248,202,198,99,
185,243,178,228,196,190,217,25,221,155,139,194,204,130,195,183,134,156,
42,231,153,228,183,195,12,127,44,224,112,26,4,15,233,183,142,221,171,183,
127,184,76,14,127,137,91,21,62,34,15,190,140,128,21,252,214,164,148,215,
219,178,124,193,203,44,138,51,252,94,76,75,154,167,242,71,203,129,187,253,
18,199,202,129,194,229,143,253,148,40,129,202,159,23,147,179,190,141,204,
212,222,13,132,201,237,243,228,130,88,178,22,200,69,236,122,169,17,217,
193,208,135,29,192,33,58,121,21,82,15,59,195,109,14,29,88,255,215,89,231,
61,161,8,224,57,45,126,79,89,202,235,45,79,229,53,79,229,143,150,3,119,
251,37,142,149,7,133,139,143,61,30,108,117,203,157,215,134,197,88,140,197,
18,95,106,231,184,158,5,114,117,176,146,165,205,207,61,76,114,88,53,83,
191,35,16,43,227,156,212,22,234,11,166,18,231,23,115,111,220,13,101,231,
11,125,72,246,122,21,172,166,177,5,235,208,119,150,35,80,58,80,247,73,154,
88,224,127,147,47,189,3,112,183,159,123,180,75,4,238,246,203,31,147,84,
18,20,46,61,246,163,94,206,248,230,148,62,111,59,219,216,173,171,15,37,
245,182,167,220,83,143,5,60,93,53,75,149,146,254,84,194,111,201,183,50,
87,221,21,67,111,157,167,11,37,189,164,109,236,119,133,38,105,25,73,7,235,
62,171,89,81,95,72,26,22,236,46,222,215,186,146,118,212,115,218,82,47,75,
250,88,235,230,224,236,90,28,215,229,232,231,3,35,252,255,153,6,217,252,
230,212,177,187,216,28,17,187,174,108,101,181,3,90,104,229,165,92,189,139,
72,74,29,69,92,251,53,65,236,150,91,202,67,181,179,155,103,15,194,203,113,
249,152,65,85,170,218,254,91,53,232,21,195,132,80,157,214,73,106,42,117,
134,198,170,94,4,26,2,15,190,158,238,15,214,212,16,13,209,137,65,75,139,
233,124,13,209,153,106,147,212,244,23,66,141,65,96,119,182,180,211,157,
90,160,73,186,78,235,170,175,198,102,164,86,87,254,100,119,253,136,164,
206,106,40,124,151,127,75,184,43,180,151,158,210,52,53,104,138,70,104,183,
76,91,79,10,161,87,10,174,210,199,90,74,53,2,29,84,39,132,237,240,165,69,
53,67,232,90,73,50,239,199,105,22,32,239,160,179,63,78,82,221,187,226,206,
171,139,192,225,85,192,145,223,35,184,250,117,108,31,213,211,180,10,55,
106,118,194,225,70,126,248,28,147,36,73,189,180,153,182,150,244,98,0,167,
153,150,196,71,63,53,253,122,47,245,16,232,253,130,100,213,75,97,215,242,
38,162,190,52,1,77,65,175,127,28,136,243,123,151,54,104,120,250,59,205,
22,154,6,48,181,192,148,177,105,2,69,125,38,105,108,115,182,248,84,244,
93,121,62,115,100,80,212,154,179,232,93,94,112,39,249,196,11,91,2,48,47,
48,186,156,136,247,146,114,161,51,205,252,153,181,57,221,60,42,178,177,
123,78,114,47,7,246,228,36,135,44,56,247,50,201,189,223,207,122,236,97,
129,243,95,38,0,185,167,152,154,248,249,232,44,183,227,184,136,231,129,
230,226,89,71,116,183,151,233,17,100,186,91,164,224,139,193,246,165,173,
237,4,62,231,209,192,222,92,100,34,122,33,122,108,231,101,244,112,196,81,
218,160,225,168,138,209,252,17,177,33,119,240,17,195,115,106,41,177,120,
208,61,182,65,236,26,237,94,170,205,202,88,155,108,206,220,68,216,200,72,
158,177,103,173,15,54,110,254,213,238,91,112,47,46,152,53,116,162,216,137,
106,170,35,23,250,54,140,161,153,222,164,221,37,45,47,229,180,252,19,129,
226,232,93,71,165,192,185,93,56,107,156,192,111,74,240,110,62,0,230,113,
113,102,115,233,150,137,15,173,227,20,94,81,120,83,207,84,123,76,247,129,
102,68,146,175,139,58,175,203,192,140,21,153,136,142,8,250,225,170,212,
0,147,50,78,164,165,12,26,173,165,182,188,14,182,169,108,46,128,132,219,
148,26,160,33,145,76,156,249,195,67,188,249,217,226,176,204,171,165,208,
127,185,84,226,133,152,182,1,179,56,94,26,0,81,215,113,67,206,3,209,195,
199,150,78,189,89,10,156,219,193,84,62,154,100,32,131,81,65,138,154,54,
22,24,55,43,163,145,88,35,184,155,18,120,239,34,205,218,187,22,98,43,219,
132,164,216,157,235,69,189,238,241,224,228,34,96,132,238,212,2,13,44,66,
59,222,3,26,34,136,56,209,201,44,228,110,95,189,5,115,113,147,166,59,234,
213,164,27,177,7,175,81,195,2,94,204,5,169,221,8,188,110,115,203,184,220,
3,173,198,76,160,57,216,69,187,233,63,245,231,113,65,96,169,59,181,243,
157,45,246,192,113,79,24,110,228,90,18,123,151,227,40,206,225,12,246,40,
64,241,110,13,214,234,249,64,12,141,153,165,45,249,11,167,103,222,170,104,
111,193,244,113,224,154,207,117,150,243,5,78,73,136,37,237,163,255,153,
142,166,160,9,77,136,135,16,150,52,67,85,41,96,4,135,53,112,184,189,216,
172,254,112,32,224,243,222,110,197,60,160,49,216,155,58,176,186,198,40,
243,192,204,72,6,56,20,248,142,190,22,1,151,205,84,190,168,125,222,84,122,
233,204,2,26,105,72,240,60,170,76,135,158,190,168,151,128,44,104,172,163,
124,226,133,34,207,168,159,179,19,26,12,20,67,203,123,138,193,185,127,14,
57,43,69,118,156,187,187,155,21,165,221,206,117,0,143,18,250,152,97,233,
77,140,38,214,125,169,54,104,136,183,205,55,216,81,41,19,145,155,82,199,
211,4,140,204,61,170,51,104,188,128,216,134,26,96,65,0,181,224,231,162,
102,224,61,158,72,80,54,83,143,187,245,88,64,45,27,225,211,44,156,24,181,
93,105,139,82,81,2,123,79,131,236,133,116,72,206,113,26,194,34,132,159,
124,226,133,188,216,91,236,44,247,45,48,53,138,34,110,45,57,129,116,247,
92,125,31,83,215,149,110,243,105,98,236,21,71,111,1,177,63,99,134,220,31,
167,67,174,161,17,104,202,169,54,125,186,178,216,225,160,20,48,66,135,228,
195,77,201,36,115,23,98,24,0,67,217,142,249,192,156,12,124,218,29,214,1,
220,99,122,240,74,111,55,91,140,73,192,145,164,75,69,148,8,221,210,201,
142,41,3,97,113,134,173,209,39,36,53,126,149,44,216,33,23,36,94,200,139,
189,69,206,114,94,105,91,207,98,164,1,244,238,93,236,111,191,156,31,148,
91,18,230,37,227,115,233,194,238,36,150,101,60,159,178,19,53,124,83,16,
135,237,104,42,33,246,74,171,201,253,241,105,4,221,199,201,50,173,13,64,
83,148,18,185,216,68,180,24,75,177,148,45,2,112,52,75,177,84,38,156,212,
45,49,55,178,0,152,150,195,187,119,17,239,126,4,183,177,118,118,179,95,
47,224,179,3,187,88,249,186,8,14,209,249,234,213,21,198,26,9,209,45,81,
225,134,233,175,15,179,186,34,69,183,51,158,62,26,212,228,197,222,162,157,
208,74,60,104,11,205,0,210,133,100,169,224,173,249,14,224,148,59,105,26,
203,189,114,93,78,136,85,248,150,167,233,134,243,221,46,132,123,52,120,
157,2,52,112,132,216,154,123,249,154,90,230,241,30,103,196,95,196,255,243,
133,221,216,232,130,248,95,7,170,54,54,170,43,54,17,133,185,70,125,9,87,
159,69,162,35,99,51,215,241,9,24,253,50,19,143,135,203,128,215,236,238,
78,180,123,13,207,118,48,145,197,217,59,69,39,91,230,126,204,236,176,221,
222,253,203,130,51,138,18,47,228,197,222,82,16,113,46,33,85,175,255,175,
189,51,143,179,162,186,242,248,233,110,64,48,52,218,33,3,25,87,148,104,
112,88,149,113,137,10,17,141,19,28,90,193,49,70,69,38,250,153,65,113,48,
126,230,51,238,163,68,33,51,162,25,99,98,116,18,55,4,76,92,94,36,132,197,
81,17,197,21,28,37,42,46,81,137,113,195,70,36,13,45,2,210,77,175,223,249,
227,158,91,117,171,234,86,189,166,209,207,152,84,157,243,71,247,171,122,
239,214,118,234,222,179,254,14,97,19,174,125,9,227,42,70,0,246,165,29,104,
113,50,249,140,56,45,74,140,86,158,77,165,129,175,134,169,146,89,177,39,
226,138,116,32,0,55,1,208,18,175,27,113,46,38,186,178,250,67,68,99,169,
165,86,223,227,185,212,82,27,75,87,24,27,59,149,40,250,253,145,122,14,246,
189,158,0,216,233,117,16,0,175,242,36,79,242,36,117,0,212,243,100,96,35,
124,87,31,100,26,196,170,49,159,22,39,222,116,3,123,225,179,145,109,48,
53,236,124,236,83,123,211,32,226,150,129,130,51,87,169,138,189,63,6,89,
53,76,133,157,169,247,41,252,149,49,110,167,117,226,129,199,217,152,137,
190,222,165,22,60,231,121,22,4,48,186,206,210,105,255,49,145,165,120,77,
170,97,159,194,101,144,186,223,141,108,59,147,54,218,2,28,142,118,218,104,
139,233,179,22,2,102,137,186,114,162,14,17,147,66,25,98,149,153,156,126,
243,62,216,169,58,78,166,74,176,66,231,158,137,196,207,221,240,238,52,3,
239,36,102,55,171,75,248,146,186,147,141,23,146,106,111,154,37,100,16,213,
172,107,205,232,68,7,176,11,27,65,179,136,135,208,131,63,1,29,129,73,56,
73,157,104,33,76,94,200,105,189,128,67,46,233,67,142,207,69,3,213,236,158,
164,247,225,67,192,213,129,2,168,216,16,194,53,78,187,120,91,71,222,43,
21,82,17,139,16,62,42,35,100,132,76,17,17,145,38,25,46,35,100,132,220,16,
249,134,57,202,195,114,146,44,18,17,145,211,131,12,33,145,100,230,145,235,
21,63,84,124,244,158,108,20,17,145,147,228,32,17,121,71,74,222,111,137,
124,85,30,144,249,242,163,4,186,65,86,118,142,57,215,63,58,190,246,100,
102,148,217,82,167,173,50,67,26,36,125,156,81,77,36,178,74,78,145,190,210,
44,183,235,214,83,164,159,136,60,16,196,98,79,83,56,217,229,242,76,202,
185,248,159,143,161,183,245,123,113,196,133,179,165,155,136,60,46,119,235,
153,24,184,88,183,85,14,66,232,161,58,219,35,91,70,225,106,245,104,159,
61,212,255,20,133,31,52,239,241,239,60,35,89,35,167,150,176,169,234,201,
206,94,243,22,135,70,159,81,164,146,250,249,40,32,90,83,104,156,61,113,
72,217,242,124,129,94,155,207,110,72,54,94,72,170,189,105,150,144,153,175,
198,232,39,227,251,28,204,83,192,93,234,9,25,162,249,57,225,189,123,155,
22,222,229,198,68,171,23,193,231,146,142,115,13,75,105,139,190,219,8,22,
242,46,116,198,143,102,50,147,221,30,135,230,143,69,175,247,121,168,140,
194,181,202,179,199,116,178,107,137,137,134,81,57,124,9,15,214,102,238,
79,24,93,8,21,18,11,43,103,81,176,66,76,177,248,56,255,26,19,177,253,233,
0,90,83,203,209,171,82,109,125,3,73,213,193,167,17,254,29,190,198,11,62,
181,55,45,89,206,168,150,214,5,110,82,49,140,1,120,152,130,237,152,218,
171,167,19,191,244,115,231,92,210,62,54,26,64,93,250,55,42,157,41,102,139,
172,246,76,46,105,225,73,187,231,53,217,30,217,58,92,183,38,201,28,165,
78,254,36,34,173,218,155,120,92,208,127,235,16,169,20,209,46,196,225,232,
118,146,119,201,116,204,125,49,248,60,81,42,68,228,241,196,68,28,158,81,
181,136,136,34,136,39,207,168,66,190,20,225,55,68,228,16,13,96,135,215,
125,128,118,62,11,151,128,138,212,222,189,3,69,68,100,128,126,50,128,85,
83,69,228,69,89,169,193,226,169,34,34,114,93,226,151,31,10,66,34,201,212,
223,9,176,74,182,8,130,92,21,108,57,79,222,144,22,105,144,155,130,240,187,
9,0,239,37,7,36,142,164,84,233,28,224,197,68,182,72,184,207,151,19,156,
108,121,38,82,169,197,11,190,120,119,116,164,5,34,34,210,93,206,208,207,
102,61,125,57,128,155,79,63,110,92,0,78,21,145,176,245,117,146,142,22,17,
145,54,121,46,182,125,55,57,208,251,253,176,129,125,171,131,39,150,196,
3,75,138,132,165,103,69,68,100,149,106,64,70,0,70,139,200,207,69,180,150,
98,148,136,188,42,15,197,126,183,191,236,33,34,113,81,29,168,25,212,113,
1,136,11,246,185,114,139,236,39,31,74,141,92,160,185,194,63,9,178,3,86,
75,155,180,201,105,137,51,221,169,140,32,179,102,119,61,174,247,231,206,
62,75,200,240,72,245,74,156,141,16,246,84,110,160,23,194,80,44,37,113,137,
76,220,229,173,216,214,180,94,192,70,219,106,13,66,192,143,241,46,123,99,
214,253,19,17,132,125,24,162,25,25,255,193,16,134,248,116,29,247,67,63,
150,210,204,235,204,96,63,134,242,137,19,33,223,149,31,83,71,43,31,56,94,
229,106,15,20,172,32,116,167,9,147,94,241,32,113,64,153,172,125,150,251,
50,61,2,197,106,121,26,155,169,231,110,142,163,154,133,78,114,180,96,12,
198,22,122,170,122,56,206,217,211,143,153,188,74,35,219,121,147,171,18,
138,236,124,76,13,158,49,249,6,122,142,26,229,52,55,108,148,143,160,21,
104,228,1,245,170,88,227,215,164,156,252,141,126,122,47,86,201,107,183,
27,114,19,187,210,122,1,39,249,64,38,113,51,141,184,109,104,110,78,17,54,
143,0,60,66,179,131,182,185,202,57,193,165,192,54,133,106,181,120,56,38,
205,248,211,68,202,131,241,224,159,76,5,13,196,19,63,178,246,89,62,25,60,
45,81,207,0,214,5,24,70,173,49,203,227,113,76,150,205,165,64,135,227,236,
57,198,105,94,13,176,60,230,40,90,135,113,112,205,6,79,91,213,113,252,150,
117,180,208,192,35,212,34,140,103,109,36,186,177,75,0,235,80,29,25,247,
30,192,109,18,99,212,232,14,109,94,97,93,104,113,125,253,187,145,51,117,
81,216,147,46,105,195,221,248,111,199,51,80,205,131,192,90,22,19,13,10,
205,3,218,211,235,134,195,127,7,240,38,135,83,201,9,252,150,87,153,229,
36,127,140,5,222,225,203,90,64,98,117,105,83,246,144,132,93,59,150,18,37,
250,209,151,18,165,88,124,58,107,159,32,236,206,68,30,3,166,38,210,192,
74,252,8,97,127,126,204,75,44,211,122,255,144,239,160,196,57,8,223,167,
228,56,151,6,41,214,209,122,22,105,47,146,40,172,90,31,74,148,24,135,48,
147,82,76,151,175,209,158,234,33,61,76,91,228,59,251,242,188,70,77,7,179,
50,18,245,172,35,218,10,179,115,60,129,146,10,248,99,148,28,7,122,122,47,
224,111,227,130,105,223,130,201,196,58,28,23,102,246,203,108,193,215,98,
222,35,0,233,124,17,47,171,175,108,25,97,228,219,148,61,248,50,233,186,
198,221,185,198,41,189,110,218,65,80,5,31,27,75,123,161,78,220,15,167,188,
71,62,174,214,142,126,109,60,193,18,237,168,24,245,23,254,61,13,26,203,
152,200,167,17,224,21,131,132,244,155,148,145,231,1,29,222,100,145,176,
128,62,106,206,38,93,210,150,231,68,196,98,13,112,56,253,121,134,48,220,
85,197,2,162,144,219,9,14,255,45,215,139,194,172,148,143,5,178,110,138,
46,226,201,139,105,163,148,3,136,170,84,101,197,165,208,37,218,21,16,40,
147,128,253,113,112,179,47,167,141,182,136,211,38,29,232,201,132,165,215,
168,126,243,45,61,159,203,130,35,254,144,14,218,185,128,30,252,28,104,118,
176,197,45,172,125,172,0,43,224,15,240,181,117,53,124,170,30,53,121,215,
125,189,128,123,176,9,28,0,203,87,245,44,55,4,243,92,31,22,1,47,115,53,
55,113,17,199,49,148,241,220,235,180,210,139,8,64,185,94,20,251,112,31,
104,80,82,16,190,170,223,27,16,249,86,250,40,229,0,162,174,208,139,255,
62,48,85,171,250,230,234,190,174,129,64,25,39,207,141,145,243,115,57,29,
232,105,176,78,197,70,207,216,35,184,38,219,80,227,60,160,158,227,49,173,
109,223,143,133,180,174,7,240,190,64,22,34,242,151,222,125,214,175,24,159,
59,210,122,1,155,20,212,16,72,230,40,86,240,52,19,57,142,203,53,56,101,
230,188,104,67,236,4,168,165,249,147,141,94,95,197,15,104,138,65,187,155,
195,215,71,6,203,26,37,27,32,234,175,105,2,218,249,91,38,3,251,170,56,216,
149,172,107,32,80,6,144,38,173,179,94,22,208,211,13,128,245,210,13,163,
142,71,180,83,224,173,186,127,14,237,106,167,60,66,99,194,56,91,137,107,
154,69,217,196,55,227,234,159,101,227,87,140,199,251,211,122,1,223,29,185,
15,23,178,54,224,247,85,37,181,157,223,92,106,226,59,62,1,200,66,175,175,
228,55,192,162,88,86,153,121,160,81,56,195,172,81,178,1,162,140,161,180,
4,225,86,214,35,12,160,150,90,205,99,239,26,8,148,117,59,199,27,170,24,
206,6,122,122,37,248,52,150,45,220,70,55,213,195,109,152,118,21,176,130,
94,8,245,192,66,199,14,186,69,31,98,92,53,158,197,106,86,179,90,195,177,
117,250,41,186,124,86,104,212,112,76,100,107,90,47,224,158,234,222,182,
206,251,197,206,67,182,0,57,253,57,153,61,232,70,13,135,113,22,87,112,9,
181,73,112,73,161,92,47,10,147,197,87,207,122,214,179,62,136,191,155,160,
166,155,129,146,61,74,54,64,212,243,193,45,127,33,145,158,217,53,16,40,
219,117,216,138,237,0,46,230,226,96,14,203,2,122,170,80,165,239,88,206,
163,133,75,17,122,209,8,132,137,164,227,105,195,244,78,49,185,201,182,74,
96,55,61,102,123,162,146,58,108,103,235,82,180,77,220,215,245,183,209,68,
247,180,94,192,19,98,215,215,101,22,178,209,235,171,156,34,12,183,13,180,
121,103,220,12,148,172,81,178,1,162,122,104,84,126,20,61,104,246,230,244,
236,56,8,212,193,177,155,108,138,67,12,148,83,54,208,147,77,165,126,132,
70,245,121,156,5,64,189,211,65,233,28,236,130,48,131,240,53,24,5,180,241,
251,4,192,219,62,222,163,181,197,252,114,166,178,47,158,37,149,214,11,216,
44,83,241,32,207,93,58,246,176,136,144,152,94,97,70,136,67,205,206,220,
145,7,4,209,181,211,77,166,48,133,71,233,134,152,47,82,151,53,74,54,112,
249,1,58,218,0,14,5,190,77,111,142,230,232,192,25,212,141,25,106,207,131,
205,167,153,91,118,95,15,141,221,189,192,104,70,106,78,211,6,61,223,99,
189,15,196,22,176,85,168,56,110,80,225,233,171,246,78,84,175,255,65,80,
34,119,107,167,91,70,154,244,145,219,83,246,26,135,241,107,12,235,20,26,
187,89,148,230,199,182,30,165,87,50,13,97,47,125,73,237,189,122,195,17,
6,219,150,170,157,161,157,233,69,209,159,187,168,167,149,247,131,155,16,
118,255,177,156,61,74,54,112,185,237,242,57,152,169,64,141,214,33,222,23,
249,110,61,191,224,92,14,99,25,16,102,39,101,237,187,42,246,120,155,130,
213,213,188,85,155,98,5,101,165,160,34,223,220,220,109,76,97,24,167,169,
182,178,50,145,77,100,83,100,43,99,111,242,241,172,160,145,122,254,43,225,
35,61,213,17,179,36,223,23,156,105,212,15,58,220,241,26,28,166,75,95,55,
125,159,47,75,140,98,230,193,231,169,212,122,135,167,130,121,203,84,28,
88,184,252,57,0,252,10,41,135,94,47,116,231,21,160,65,193,6,226,21,41,150,
179,71,201,6,136,234,174,234,207,181,204,230,93,38,209,12,180,234,52,214,
85,16,40,161,146,235,130,18,82,248,131,179,138,102,3,61,29,172,105,83,46,
189,233,73,112,247,243,41,180,211,161,213,149,113,125,222,228,237,29,154,
242,203,179,244,88,173,145,233,126,28,91,89,172,137,32,103,178,157,123,
244,28,13,141,73,140,98,2,68,29,154,227,249,150,227,22,55,49,129,185,8,
194,222,154,65,189,31,82,190,23,197,41,192,114,186,83,77,27,214,172,170,
97,46,155,217,204,156,192,61,145,61,74,57,224,242,153,186,37,124,96,182,
22,192,168,103,54,4,117,149,222,162,158,101,247,25,222,131,39,120,148,11,
57,38,242,54,26,244,172,117,65,172,227,2,102,49,75,87,238,19,216,202,108,
254,37,168,109,128,22,110,247,100,233,252,149,231,63,97,119,26,216,206,
55,245,108,86,196,126,243,88,226,241,70,249,104,46,231,146,72,6,212,80,
181,1,46,161,66,179,130,154,57,8,97,40,211,153,206,244,88,162,190,57,131,
198,224,204,27,212,30,51,108,230,61,147,192,254,51,64,145,79,133,114,189,
40,190,198,88,6,82,205,133,192,31,232,129,80,197,243,192,70,54,0,207,6,
158,193,172,81,202,1,151,119,87,21,210,208,38,39,196,220,85,16,40,195,67,
104,225,81,230,196,156,171,89,64,79,199,168,115,117,55,190,195,101,252,
59,167,167,228,25,173,208,25,101,119,86,59,154,208,249,246,182,50,146,100,
90,220,174,244,222,97,104,168,123,84,172,151,234,35,77,131,166,15,217,42,
130,205,177,239,26,149,112,5,194,87,216,6,108,53,87,38,116,166,23,197,241,
250,96,140,85,125,18,112,51,85,84,113,51,54,242,156,61,74,103,128,203,15,
226,78,224,6,78,141,216,170,93,7,129,18,132,17,28,204,50,146,152,124,157,
7,122,242,115,47,90,217,200,32,140,66,185,50,120,19,239,199,166,136,255,
93,112,46,71,37,116,141,18,165,96,57,12,249,16,166,51,221,1,163,50,252,
37,167,214,226,173,200,27,45,84,177,220,163,128,90,52,193,120,172,213,148,
247,188,137,245,225,104,91,122,179,179,92,47,138,137,106,201,154,180,203,
75,233,80,101,164,23,109,142,118,156,62,74,167,128,203,185,218,99,238,116,
29,4,106,10,19,217,141,189,89,73,178,175,105,22,64,84,26,187,203,64,13,
235,128,53,236,201,17,180,0,75,85,213,122,26,187,46,223,129,245,248,93,
139,143,226,29,88,173,11,249,224,196,118,91,190,190,37,86,156,47,92,70,
11,77,252,111,100,209,59,56,88,2,214,197,212,214,106,0,234,169,102,19,176,
193,62,29,187,59,187,23,133,96,124,235,243,85,28,58,212,1,81,67,123,196,
240,75,31,165,19,192,229,44,246,226,134,244,102,18,87,48,201,107,28,101,
237,187,129,215,217,206,118,94,116,74,221,93,30,206,5,92,25,205,144,77,
225,131,248,79,222,137,249,237,134,179,25,99,85,255,35,29,88,151,214,98,
224,151,244,230,123,180,243,145,186,116,150,121,5,224,159,19,71,89,134,
175,47,227,9,58,179,1,137,89,99,111,250,178,14,156,89,163,159,226,139,24,
58,35,246,253,13,64,171,58,136,131,57,177,220,197,159,206,255,168,34,55,
29,27,14,217,149,247,89,72,95,250,50,159,53,93,0,60,252,243,225,189,184,
88,91,62,36,243,133,110,197,84,216,244,228,133,192,165,117,74,112,243,155,
34,41,29,157,225,77,36,181,134,243,181,92,215,212,248,118,4,145,141,42,
230,49,149,145,156,75,11,117,129,161,215,93,3,224,243,121,10,72,218,57,
38,39,162,1,88,19,206,180,118,167,47,27,93,48,143,125,21,125,25,194,58,
194,148,232,3,53,66,246,162,131,102,87,14,220,225,167,158,247,32,238,169,
239,203,245,49,252,30,225,54,239,26,58,8,161,159,119,79,137,19,17,70,170,
191,221,199,211,136,59,131,146,5,229,53,156,195,19,78,23,181,104,66,86,
53,37,96,27,187,48,144,151,112,193,32,39,241,12,171,152,19,248,232,77,93,
229,115,8,85,186,64,38,179,157,4,91,66,26,93,183,77,32,248,83,198,179,139,
222,239,183,84,229,254,10,183,240,71,90,249,132,69,142,94,96,220,93,235,
232,203,249,122,214,209,99,149,130,171,57,59,220,106,255,89,203,98,198,
122,10,15,190,225,220,132,104,174,255,222,177,52,163,114,224,14,207,38,
30,127,125,226,104,166,113,141,235,95,244,183,182,55,189,11,253,93,207,
141,131,250,188,148,125,96,26,96,79,113,162,103,107,35,19,114,79,78,101,
97,144,4,2,91,184,155,90,199,13,44,84,179,26,120,139,97,28,194,39,192,131,
186,224,93,27,25,211,40,199,6,112,231,103,88,37,172,41,54,201,207,244,156,
159,245,22,214,240,30,31,234,75,180,63,159,240,118,230,114,101,175,120,
44,66,127,181,137,162,49,68,171,141,188,238,230,47,153,63,214,91,253,54,
23,37,86,239,241,44,229,53,150,240,189,140,186,20,161,60,184,195,236,224,
13,125,89,247,45,76,140,113,45,91,99,229,233,214,159,29,37,3,13,115,77,
202,3,78,150,146,236,8,63,20,140,179,141,251,249,7,79,54,205,113,192,60,
250,32,76,167,141,43,131,251,178,50,114,22,102,201,48,215,122,38,194,100,
32,57,45,199,241,203,12,217,30,237,195,156,96,243,232,200,117,205,116,102,
188,113,8,163,116,254,181,1,246,39,0,104,142,232,92,231,232,232,19,220,
51,48,127,78,114,14,222,200,236,148,105,202,178,9,237,156,139,193,219,177,
37,144,217,224,14,33,143,212,146,175,87,118,242,65,249,248,3,66,7,117,252,
22,9,3,121,136,70,54,114,181,62,178,225,76,246,132,139,45,12,251,253,169,
62,249,127,11,2,199,179,203,174,244,239,1,13,236,134,245,140,198,29,193,
43,116,89,106,6,218,130,69,106,68,153,81,123,57,51,20,59,104,194,198,216,
254,115,20,115,28,35,14,86,114,86,106,38,153,137,91,13,86,72,51,251,136,
179,192,29,66,62,84,13,66,247,241,47,247,190,5,191,223,225,139,49,53,180,
191,78,185,69,125,88,3,154,245,188,128,221,233,201,115,180,36,172,146,129,
206,175,214,115,93,204,242,54,220,219,243,95,26,63,139,69,44,154,8,188,
157,210,125,221,0,213,116,174,11,129,16,38,169,1,108,139,44,79,59,204,238,
135,106,166,40,140,130,161,52,188,137,73,148,248,21,21,12,165,68,73,141,
144,108,112,7,203,135,107,140,238,101,39,142,221,221,113,94,186,52,107,
135,47,166,22,176,206,232,228,45,186,28,99,153,31,193,90,160,137,79,241,
167,180,30,201,61,17,225,121,130,137,157,172,7,240,241,124,234,244,215,
99,72,207,206,55,64,53,233,233,107,159,35,87,16,47,117,130,251,224,0,0,
2,87,73,68,65,84,21,58,87,110,148,94,34,34,114,98,70,185,85,156,142,148,
21,34,210,42,213,210,44,34,34,19,100,129,136,124,164,165,78,134,190,33,
75,164,143,136,188,34,199,73,67,176,117,207,88,9,185,165,185,178,68,250,
4,197,212,209,98,166,201,178,205,179,125,134,92,37,34,223,148,167,189,227,
141,145,61,101,158,52,139,200,158,114,167,140,145,143,229,14,153,145,232,
214,99,168,159,76,150,41,178,79,240,249,126,111,81,213,103,71,255,36,119,
138,200,68,185,239,115,61,138,159,28,105,24,193,117,138,100,105,40,203,
105,19,231,44,112,7,251,102,25,151,198,170,29,200,98,57,222,59,55,100,212,
186,126,134,92,197,4,150,170,13,116,229,78,143,150,205,183,1,157,169,76,
250,28,216,252,25,196,116,86,59,183,248,117,166,197,211,135,203,176,201,
193,13,237,88,19,188,8,193,78,142,214,196,141,151,50,250,14,156,199,109,
49,108,237,105,94,1,152,151,58,194,103,207,7,240,83,54,37,82,188,254,130,
88,136,38,72,215,113,125,89,29,212,199,217,224,14,163,59,241,248,79,6,226,
64,52,95,12,222,117,39,116,128,47,60,119,19,145,49,34,34,242,177,204,151,
123,229,41,73,40,5,157,160,222,242,117,17,9,75,197,191,38,53,34,98,11,167,
123,202,67,10,14,191,65,126,17,252,230,154,24,134,64,189,108,150,215,130,
222,122,95,36,106,252,255,62,129,207,149,168,98,35,191,102,252,78,25,19,
163,1,104,12,82,44,162,41,99,135,227,163,206,230,216,20,252,185,114,55,
169,148,253,100,235,78,74,81,54,184,195,72,207,47,214,202,71,59,121,204,
130,62,19,74,154,129,5,229,138,42,203,127,165,160,191,100,42,4,32,231,84,
8,64,206,169,16,128,156,83,33,0,57,167,66,0,114,78,133,0,228,156,10,1,200,
57,21,2,144,115,42,4,32,231,84,8,64,206,169,16,128,156,83,33,0,57,167,66,
0,114,78,133,0,228,156,10,1,200,57,21,2,144,115,42,4,32,231,84,8,64,206,
169,16,128,156,83,33,0,57,167,66,0,114,78,133,0,228,156,10,1,200,57,21,
2,144,115,42,4,32,231,84,8,64,206,169,16,128,156,83,33,0,57,167,66,0,114,
78,133,0,228,156,10,1,200,57,21,2,144,115,42,4,32,231,84,8,64,206,169,16,
128,156,83,33,0,57,167,66,0,114,78,133,0,228,156,10,1,200,57,21,2,144,115,
42,4,32,231,84,8,64,206,169,16,128,156,83,33,0,57,167,66,0,114,78,133,0,
228,156,10,1,200,57,21,2,144,115,250,63,45,114,216,194,93,75,0,26,0,0,0,
0,73,69,78,68,174,66,96,130};

